34.32
35.65
35.94
35.89
36.18
36.41
35.51
35.37
34.46
34.46
33.97
34.27
33.56
34.13
33.8
34.84
35.75
35.7
35.32
34.56
35.22
35.22
35.32
35.22
34.65
33.74
33.13
32.65
33.32
32.99
32.94
32.8
32.56
32.27
31.84
31.65
32.61
32.46
33.13
33.13
33.89
34.94
35.46
36.27
36.13
35.8
35.6
36.37
36.37
37.13
37.53
38.22
38.65
37.94
38.37
37.98
37.65
37.18
37.46
37.37
37.08
37.03
37.79
37.89
37.08
37.22
36.41
36.7
37.27
36.75
37.51
37.84
37.89
37.98
38.08
37.98
38.18
37.22
37.28
35.89
35.03
33.99
34.8
34.7
34.03
33.84
34.32
34.78
34.56
33.99
34.56
34.65
34.47
34.56
34.27
33.75
33.99
33.83
33.89
33.42
33.72
33.34
33.7
32.62
33.18
32.84
31.89
31.61
31.84
32.03
31.8
32.23
31.32
31.18
30.04
31.51
30.84
30.46
29.51
29.85
29.51
29.89
29.32
29.51
30.65
30.94
30.18
29.32
29.63
31.37
31.47
31.13
29.89
29.23
29.18
28.18
28.08
28.08
28.32
27.27
25.28
24.47
23.8
23.04
23.32
25.37
25.8
24.18
22.56
22.13
20.94
21.32
20.47
22.09
23.13
23.42
22.85
22.23
22.67
22.71
23.61
22.85
23.18
23.66
23.61
23.51
23.7
23.09
22.47
22.99
22.47
20.9
20.45
20.56
20.9
20.37
20.64
20.8
20.75
19.99
20.18
20.94
19.85
18.71
18.9
18.07
17.56
17.8
18.9
18.37
16.6
17.99
18.28
18.18
17.56
17.44
16.58
16.56
17.56
18.23
18.33
19.37
19.63
20.26
20.37
19.75
19.02
17.4
17.8
17.59
17.8
17.75
18.12
18.45
18.06
18.8
18.94
19.42
18.52
18.64
18.42
19.8
19.73
20.8
21.05
21.88
22.07
21.61
21.99
22.13
22.11
21.23
22.37
22.18
22.01
22.47
22.18
22.18
21.32
21.37
21.32
21.47
21.62
21.42
20.47
21.32
21.13
20.71
19.75
20.52
19.77
19.04
19.02
20.47
20.49
21.13
20.85
20.56
20.13
20.09
19.71
20.04
19.54
19.47
18.94
18.56
17.98
17.09
17.35
16.61
15.89
15.61
15.71
15.42
15.61
15.42
14.87
15.09
14.57
14.33
14.42
15.14
14.76
14.33
14.85
15.73
15.8
15.09
14.76
14.95
13.8
11.78
11.09
11.83
11.72
11.8
11.8
11.63
11.54
11.52
11.19
10.92
10
10.24
10
9.79
13.52
12.76
12.84
13.36
12.61
12.61
12.8
12.47
12.46
11.95
11.77
12.71
12.85
13.32
13.99
14.02
14.18
14.1
14.48
15.22
15.61
15.22
15.55
15.94
16.09
15.76
15.85
15.62
15.25
15.52
15.43
15.6
15.65
16.52
16.11
15.99
16.36
15.9
16.42
17.3
17.37
16.27
16.21
15.95
16.16
15.99
15.8
15.85
16.33
16.18
16.61
17.29
17.14
17.61
17.44
17.85
17.52
17.8
18.62
18.85
18.09
18.85
19.28
19.52
19.14
18.96
19.01
18.94
19.04
19.37
19.42
19.14
18.52
18.76
18.66
18.66
19.8
19.57
19.28
18.85
19.17
19.66
19.52
19.14
18.95
19.15
18.87
18.54
18.28
18.69
18.42
18.9
18.93
19.45
20.11
19.8
19.71
20.2
18.94
18.04
18.06
18.14
18.35
17.97
18.14
18.24
18.75
18.45
18.94
19
19.02
18.8
18.56
18.83
18.85
18.58
18.95
18.66
19.42
19.33
19.08
19.35
19.18
18.87
18.82
18.42
18.83
19.04
18.8
19.93
19.8
19.04
18.8
17.83
17.99
18.25
17.94
17.61
17.75
17.23
17.8
17.73
17.33
17.47
17.9
17.75
18.18
18.23
18.33
18.42
18.25
18.42
18.61
18.09
18.23
18.28
18.64
18.98
19.2
19.5
19.6
19.71
19.75
19.87
19.99
21.39
21.18
21.66
21.23
21.16
21.32
20.71
20.51
20.49
20.88
20.66
21.52
21.37
21.35
21.57
21.37
22.09
21.99
22.41
22.09
21.75
21.71
21.53
21.21
21.12
21.28
21.24
21.31
21.37
21.77
21.75
21.71
21.9
22.09
22.28
22.66
22.81
22.94
22.91
23.42
23.21
23.29
23.11
23.42
23.51
23.66
24.1
24.28
23.94
23.35
23.1
22.94
23.09
23.61
23.13
23.32
23.35
22.99
22.47
22.47
22.12
22.56
22.71
22.81
22.66
22.4
22.38
22.39
22.24
22.32
21.76
21.94
21.47
21.58
21.56
21.71
22.23
22.26
22.37
22.47
22.28
22.56
22.32
21.95
20.94
20.56
19.8
19.71
20.4
19.46
19.08
18.34
18.87
18.74
19.09
19.28
19.42
19.23
18.99
19.12
19.66
20.04
20.2
20.23
20.09
20.51
20.47
20.47
20.73
20.68
20.71
20.56
20.68
20.92
21.23
21.66
21.61
21.71
21.52
21.14
20.69
21.35
20.71
20.71
20.02
19.99
19.9
20.56
20.75
20.2
21.04
21.77
21.6
21.18
21.52
21.49
21.91
22.34
22.22
22.29
22.11
22.53
22.66
22.61
22.61
22.32
21.87
22.01
22.09
21.45
21.9
21.89
21.78
21.75
21.75
21.52
21.58
22.23
22.25
22.55
22.56
22.56
22.47
22.32
22.24
21.94
21.83
21.88
21.75
21.52
21.53
21.44
21.28
21.14
20.8
21.13
21.13
20.75
20.54
20.28
20.45
20.19
20.89
21.02
20.92
20.94
20.88
20.59
20.22
20.05
19.96
19.63
19.14
18.9
19.23
19.2
19.44
19.67
19.86
20.04
20.11
20.23
20.28
20.61
20.45
20.04
19.82
19.93
20.08
20.33
20.35
20.09
19.99
20.05
20.78
20.9
20.73
20.67
20.89
20.65
21.04
20.85
20.74
20.85
20.7
20.93
21.2
20.94
21.63
21.8
22.11
22.08
21.9
21.72
21.5
21.31
21.23
21.04
21.17
21.15
21.26
21.09
21.06
21.28
20.78
20.71
20.95
21.24
21.18
21.37
21.75
21.79
22.04
22.13
22.1
22.09
22.18
22.8
22.87
22.9
22.73
23.11
23.24
22.9
22.85
22.57
22.61
23.09
22.99
22.96
22.72
23.3
23.34
23.19
23.47
23.2
23.42
23.25
23.25
23.63
23.91
24.13
24.17
23.65
23.96
24
23.99
24.02
23.82
23.77
23.66
23.7
23.96
23.43
23.02
22.91
22.88
23.01
22.67
22.42
22.45
22.71
23.29
23.42
23.28
23.07
23.72
23.75
23.78
23.75
23.58
23.7
24.47
24.74
24.51
24.4
24.98
25.37
25.4
25.58
26.13
26.4
26.5
26.28
25.95
26.4
26.8
26.73
26.27
25.95
26.33
26.61
26.3
26.51
26.85
26.43
26.58
26.72
26.43
25.83
26.07
26.35
26.15
25.65
25.33
25.63
25.65
25.55
25.71
25.4
25.62
25.4
25.6
25.5
25.76
25.64
25.78
26.15
26.4
26.4
26.45
26.33
26.45
25.87
25.6
25.02
25.14
24.82
24.86
24.83
24.95
25.15
24.92
24.85
25.47
25.4
25.55
25.59
25.56
26
26.37
26.2
26.34
26.56
26.21
26
25.88
26.63
26.85
27.25
27.26
27.25
27.13
27.21
27.23
27.3
27.3
27.98
27.89
27.77
27.83
28.1
27.95
28.38
28.49
28.46
28.38
28.03
28.19
28.05
28.22
28.5
28.47
28.4
27.7
27.35
27.74
27.75
27.62
27.81
27.65
27.63
27.41
26.95
27.23
27.73
27.98
28.12
28.15
28.2
28.63
28.75
29.1
29.41
29.5
29.61
29.31
29.26
29.65
29.48
29.41
29.76
30.11
29.94
29.92
29.94
30.45
29.92
29.85
29.62
29.48
28.85
28.73
28.65
28.94
28.96
29.17
29.03
28.6
28.36
28.58
28.3
28.6
28.7
29.07
29.48
29.71
30.57
30.63
30.9
30.83
30
29.91
29.98
30.69
30.38
30.53
29.78
29.5
29.38
30.32
29.98
30.48
30.48
30.58
30.77
31.2
30.39
29.97
30.1
30.11
30.23
29.73
29.57
29.6
29.47
29.38
28.86
28.83
28.71
29.27
28.57
28.39
27.86
28.33
28.94
28.85
29.03
29.41
29.33
29.69
29.38
30.78
31.1
31.77
32.41
32.53
32.48
33.03
33.34
33.85
33.96
33.59
33.43
33.55
33.42
33.69
33.84
34.64
34.94
34.76
34.58
34.08
34.2
34.04
33.88
33.76
34.28
34.2
34.39
34.26
34.67
35.4
35.42
35.76
35.83
35.87
35.8
35.23
35.58
36.3
36.38
36.13
36.18
36.13
35.83
35.57
35.63
35.38
35.63
35.04
34.61
34.68
34.32
34.14
34.23
34.21
33.62
34.59
34.33
34.33
34.74
34
33.78
33.8
33.8
33.58
34.35
34.36
34.46
35.02
34.84
35.03
34.96
34.63
34.24
34.68
34.54
34.41
34.65
33.85
34.2
34.33
34.11
32.3
32.46
31.7
32.39
32.75
33.2
33.56
33.45
32.92
33.05
33.17
33.06
33.82
34.71
35.34
34.7
34.11
32.96
33.06
33.1
33.47
33.4
33.55
33.71
33.41
33.85
33.37
33.3
33.46
33.35
33.69
34.37
35.03
35.35
35.1
35.56
36.75
36.5
36.08
35.39
35.77
35.85
35.91
36.54
36.54
36.5
36.33
35.36
35.29
34.24
34.13
33.84
33.03
34.5
33.8
35.07
36
35.81
35.14
34.99
34.8
34.53
34.25
34.15
34.68
33.73
32.76
32.2
30.55
32.6
33.27
33.2
32.73
32.72
33.29
33.41
33.33
33.09
32.72
33.43
34.42
35.98
36.34
36.37
35.71
35.25
36.16
36.59
36.82
36.87
36.33
35.95
35.82
35.86
37.25
37.7
37.39
38.41
38.86
38.85
38.11
39.06
38.55
37.83
38.13
38
37.68
37.38
37.53
37.92
38.68
38.62
39.32
39.95
39.85
39.68
39.7
39.17
39.02
39.1
39.16
39.15
39.54
39.27
38.83
38.67
38.55
38.4
38.12
37.93
37.88
38.22
38.71
39.25
38.82
38.9
39.37
38.9
38.96
38.86
38.9
38.41
39.26
39.26
38.99
39.73
40.1
40.47
40.36
40.64
40.64
40.04
40.5
40.32
40.25
39.97
40.07
39.86
39.65
40.02
40.03
40.3
40.28
40.77
40.54
40.43
39.58
39.22
39.31
40.12
39.72
39.69
40.36
40.14
40.26
40.45
40.4
40.17
40.15
40.3
40.15
39.94
39.95
39.97
39.76
39.93
39.09
39.7
39.36
39.85
39.18
38.91
39.25
39.59
39.37
39.43
39.67
39.57
39.9
40.61
40.47
40.29
40.73
40.23
40.58
40.52
40.29
40.97
40.81
40.83
41.3
41.46
41.27
40.87
40.27
40.14
40.91
41.87
43.28
43.05
42.78
43.57
43.65
43.87
43.18
43.97
44.19
43.12
43.1
43.41
43.49
45.09
45.45
45.41
45.02
44.94
45.1
44.49
44.4
44.95
45.47
45.54
45.06
44.55
44.47
44.63
44.53
44.59
44.62
44.93
43.76
43.4
42.17
41.88
41.75
42.74
42.41
44.06
43.77
44.99
43.67
43.15
44.11
44.58
44.59
45.11
45.28
45.63
46.28
45.94
46.02
47
47.4
47.79
47.55
48.24
48.5
49.1
49.64
49
48.49
49.31
49.69
49.8
49.06
49.15
49.55
49.17
49.7
50.98
51.4
51.18
50.36
50.86
51.74
51.62
51.87
50.41
50.64
49.77
50.18
49.54
50.11
49.64
49.49
51.25
53.28
53.42
52.7
52.39
52.49
52.27
52.4
53.55
54.16
54.52
54.44
52.9
51.35
52.1
53.5
53.55
54.25
55.51
56.26
55.98
56.84
56.51
56.23
56.04
56.34
55.29
55.17
56.15
55.81
56
56.44
57.2
56.3
56.36
56.02
54.4
55.4
56.11
56.3
56.85
56.73
55.62
56.27
54.86
55.15
53.81
52.9
50.89
50.42
52
52.19
51.82
52.5
51.98
52.5
51.6
54.24
52.59
52.2
52.8
52.14
55.18
53.35
54.25
54.68
56.7
56.61
56.06
56.93
56.33
56.02
55.78
56.75
58.16
57.92
58.52
57.24
56.8
55.17
54.65
55.13
55.14
55.72
56.08
56.48
57.3
58.2
57.89
56.1
56.49
56.1
56.14
56.21
55.7
56.69
55.72
55.44
55.24
55.1
55.61
55.39
55.28
56.68
57.59
57.76
58.51
58.54
59.78
60.2
58.47
59
58.68
57.92
58.29
57.88
57.22
57.56
55.79
56.78
57.02
56.72
56.8
55.79
55.69
54.74
54.86
55.26
54.2
54.21
53.1
54.8
55.44
57.17
56.84
55.91
55.95
56.06
56.18
56.42
55.93
56.63
57.77
58.25
58.27
58.66
58.88
60.25
59.71
59.42
58.28
58.94
59.98
60.74
62.06
61.4
62.37
61.33
61.67
62.15
63.53
64.8
65.36
64.31
63.94
63.57
62.59
60.71
59.77
60.18
54.86
55.29
51.69
55.12
53.17
53.83
53.44
52.87
55.15
54.82
55.9
53.27
54.9
54.67
54.48
55.19
57.13
57.8
57.52
55.68
54.5
55.09
53.86
53.67
52.19
53.22
54.27
54.07
51.92
50.82
50.29
47.34
48.17
47.64
46.66
45.6
47
48.19
48.63
47.69
48.15
49.38
49.5
48.21
50.38
49.84
50.6
50.54
50.8
52.16
51.68
52.68
52.18
52.05
52.37
52.86
52.3
51.12
51.22
51.2
51.95
51.67
52.66
53.14
51.48
52.13
53.96
55.71
54.42
54.18
54.66
54.68
55.01
55.16
55.37
56.15
56
55.9
56.41
55.97
55.12
55.11
55.13
54.3
54.54
54.96
54.84
54.61
54.82
56.22
56.56
57.1
55.86
56.73
56.07
56.46
55.27
55.4
54.71
53
53.58
53.76
52.37
53.16
51.57
52.11
50.65
51.68
52.34
52.44
51.82
53.05
53.34
51.93
52.58
52.25
52.78
54.42
54.84
56
55.3
54.22
54.5
54.24
53.94
53.11
53.29
53.47
54.21
54.15
53.81
55.84
55.76
56.01
54.46
55.36
54.88
54.62
55.51
55.52
55.71
54.71
54.3
53.9
53.54
53.97
53.83
53.56
52.82
52.9
52.38
52.93
52.23
53.16
53.54
54.1
53.94
54.51
55.38
54.5
53.22
52.63
52.66
53.27
53.94
53.56
54.36
55.54
55.92
54.05
54.23
57.5
54.02
54.56
54.15
54.65
53.62
52
51.92
52.49
49.56
51.37
49.31
49.32
45.9
44.55
40.76
44.48
45.3
41.48
38.99
40.59
41.82
42.78
41.34
42.47
41
37.85
39.01
43.46
41.05
44.1
43.3
45
42.6
40.75
43.05
42.68
40.98
40.06
39.92
40
40.42
39.3
38.1
38.06
36.86
39.95
41.18
41.23
41.85
40.84
39
39.55
39.5
39.8
37.32
39.06
40.9
40.55
39.84
39.95
39.51
40.1
40.33
40
39.85
39.44
39.4
40.61
41.39
42.79
42.85
44.22
43.7
44.02
44.08
44.04
43.84
43.43
42.72
42.8
42.78
41.96
42.62
42.12
43.15
42.95
42.05
42.92
42.35
41.75
42.25
42.86
42.39
42.9
44
43.85
42.76
43.56
43.14
43.13
43.33
42.02
42.5
42.17
40.69
40.66
40
39.44
38.3
38.25
36.4
36.45
37.6
35.53
34.5
35.3
37.44
37.2
37.5
37.1
36.53
32.89
34.4
33.91
37.41
38
38.8
38.25
38.09
37.45
36.44
36.6
36.01
36.98
36.64
36.91
37.08
36.95
37.6
37.23
37.93
38.2
38.15
37.85
38.8
39.23
38.63
38.97
38.85
38.71
37.45
37.55
38.25
38.1
38.08
37.95
38.15
38.21
38.29
36.65
37.32
36.9
37.4
38.26
40.78
39.77
39.22
39.42
39.9
39.46
38.89
40.16
40.56
40.06
40.5
42
41.38
40.67
40.77
41
41.77
41.64
39.86
40
39.35
39.94
40.23
38.84
38.45
38.86
38.76
38.58
38.58
38.22
38.7
37.5
37.39
37.1
36.58
36.34
36.56
35.78
37.38
36.92
37.17
37.4
38.04
38.12
38.58
39.48
40.86
40.2
40.19
39.96
42.18
43.55
42.96
44.74
44.12
43.72
44.29
44.93
44.21
42.62
43.37
42.82
42.31
42.12
42.66
43.37
43.55
43.99
44.15
44.25
44.15
42.62
42.92
42.84
41.78
41.97
41.86
42.64
44.31
44.45
46.05
45.9
45.68
46.59
47.46
47.98
47.91
47.8
47.8
47.39
47.12
46.22
45.95
48.33
48.5
47.58
45.96
45.96
46.48
47.45
47.33
47.17
47.06
48.1
47.5
48.4
48.79
47.79
48.6
47.62
48.44
48.23
47.87
48.2
48.5
47.3
48.24
47.05
46.71
46.8
46.7
47.9
48.3
49.65
49.8
50.27
50.95
51.45
51.92
53.11
51.85
51.53
51.55
52.87
53.38
53
51.2
51.24
51.05
52.24
53.18
53.37
53.54
53.22
51.92
52.46
53.36
54.33
54.07
54.05
54.96
54.21
54.3
55.54
55.41
55.88
56.1
56.35
56.19
56.33
55.29
54.92
54.3
53.75
53.85
53.4
54.46
54.94
53.3
54.25
54.7
53.3
50.97
51.2
50.66
51.02
50.85
49.5
49.54
49.62
50.09
49.37
48.01
46.69
47.26
48.2
48.3
48.89
49.47
49.4
50.27
50.47
50.84
51.01
50.44
49.93
50.05
49.7
48.7
50.45
51.02
51.95
51.54
52.19
51.91
52.4
52.46
52.04
51.58
51.3
52.01
51.81
51.28
50.45
50.51
50.18
49.75
50.59
49.95
50.3
50.15
50.01
50.56
49.8
49.53
49.81
50.18
49.94
50.61
50.39
49.5
49.3
49.54
50.12
50.24
49.81
51.64
52.3
50.57
50.16
49.12
48.25
47.49
45.79
46.5
46.37
45.01
46.85
47.68
48.65
48.79
47.25
47.78
47.84
47.2
46.29
45.63
45.39
43.9
44.73
45.95
45.48
45.7
46
46.5
46.96
46.5
46.7
46.49
47.23
47.43
47.74
47.97
48.31
48.78
48.63
48.38
48.49
48.65
47.95
47.75
47.07
47.91
45.8
45.9
45.66
44.4
44.44
44.82
45.6
45.95
46.4
46.38
46.88
47.16
47.04
46.3
46.18
45.42
45.3
45.9
45.9
45.65
45.25
44.25
44.5
44.11
45.55
45.8
47.11
48.31
49.06
48.8
48.7
47.74
48.3
47.93
47.88
48.04
48.35
47.33
46.67
46.71
46.18
46.87
46.78
47.1
47.16
48.15
49.71
49.22
49.41
49.43
49.45
49.8
50.34
50.94
50.7
51.35
51.66
51.31
51.07
52.17
51.7
50.96
51.38
52.1
51.99
51.89
51.15
51.08
51.37
51.04
52.65
53.1
53.35
53.91
53.97
53.6
54.81
55.27
55.41
55.27
54.8
54.22
55.06
54.89
54.92
55.19
54.7
53.76
53.9
54.28
54.56
54.58
55.5
55.63
55.7
55.91
55.48
54.76
54
56.19
55.11
55.4
56.61
57.84
57.01
56.75
57.55
57.7
57.47
56.07
56.08
57.05
56.91
57.11
57.55
58.8
58.4
58.34
58.12
57.3
57
56.86
56.6
56.44
56.46
56.6
56.86
56.6
56.06
55.72
55.86
55.05
54.89
54.24
54.35
56.3
55.75
54.49
54.55
55.95
55.38
55.6
55.26
56.08
55.63
54.48
54.4
54.11
54.5
55.04
54.59
53.48
53.92
54.45
54.36
54.19
54.75
54.63
55.67
55.17
55.62
55.52
55.94
55.92
56.27
56.54
57.14
55.85
54.92
54.92
54.95
54.92
56.15
55.66
55.91
57.29
56.35
56
56.14
55.92
55
54.46
54.56
52.01
50.57
52.4
51.73
53.36
53.1
52.92
53.69
53.36
53.17
54.25
54.59
54.9
56.18
56.7
54.85
54.91
54.6
54.96
55.29
54.7
55.6
55.5
55.71
54.42
54.08
56.18
56.61
57.11
57.53
58.8
59.1
58.06
58.15
57.3
58.19
58.3
57.92
58.39
58.38
58.02
58.11
58.1
57
57.98
57.9
57
55.91
56.1
55.7
54.95
55.17
55.76
56.9
56.4
55.28
55.63
56.13
56.1
55.3
56.04
55.47
55.65
56.93
56.18
57.01
57.54
57.4
57.64
57.89
54.74
54.12
53.89
53.83
55.01
55.29
55.6
56.29
56.54
57.17
57.84
56.98
56.05
55.77
55.5
54.64
55.63
55.75
56.38
55.7
56.74
56.38
57.2
58.18
57.35
56.69
55.85
53.68
52.73
52.25
50.52
49.25
46.11
45
43.14
44.87
45.95
46.5
45.75
45.52
43.97
43.2
43.3
44.66
45.27
43.69
43.62
44.68
43.99
44.98
44.25
42.8
40.79
38.09
39.24
38.88
39.22
38.42
38.5
39.4
39.1
39.5
38.24
39.1
38.61
36.8
39.02
41.1
42.1
41.78
41.84
41.5
39.52
39.65
40.14
41.23
40.65
42.07
43.65
45.12
44.34
44.75
43.83
44.53
44.08
43.26
44.62
44.82
44.71
45.07
48.09
47.82
46.37
43.54
45.03
46.94
47.21
46.04
46.99
45.48
46.67
47.97
46.99
47.49
47.36
46.36
46.2
44.56
44.35
43.66
42.85
43.16
45.47
45.73
48.67
47.6
47.25
48.13
47.21
47.3
46.4
47.64
45.85
45.79
45.05
44.98
44.71
44.78
47
47.24
47.97
48.02
48.33
47.54
48.61
49.2
50.46
51.16
51.44
52.33
51.6
51.15
53.51
53
53.78
52.55
53.52
54.65
54.71
54
53.37
52.85
53.27
52.88
53.79
53.35
52.96
53.55
54.45
54.09
54.97
55.03
55
54.45
55.3
54.21
55.1
54.89
55.2
55.69
56.31
57.3
56.63
55.98
55.95
55.9
55.88
55.8
55.6
56.47
55.61
55.13
52.66
53.3
54.57
54.7
55.08
55.63
55.24
55.22
54.52
54.07
54.06
54.79
53.52
53.44
53.88
53.72
52.34
52.23
52.8
53.84
53.73
52.22
51.8
50.28
51.25
51.92
50.56
50.95
52.88
52.45
52.48
53.7
51.65
51.9
53.05
54.44
55.43
53.37
53.39
53.39
51.96
52.18
51.33
52.63
52.75
52.82
51.45
51.18
51.55
50.97
50.57
51.84
51.92
50.79
50.14
50.84
51.09
51.73
51.11
51.16
48.92
48.5
48.06
48.88
49.66
49.45
50.1
50.92
51.5
52.13
53.37
53.3
54.73
54.21
54.15
52.79
53.18
53.3
54.85
53.89
56.53
57.49
58.03
58.06
57.64
57
57.17
57.39
57.32
57.03
58.19
57.55
58.36
58.99
59.6
58.57
56.84
56.1
57.1
59.28
61.11
60.8
61.6
62.19
60.15
62.96
62.26
63.01
62.87
62.68
62.58
62.02
63.2
62.94
63.04
62.59
62.64
62.3
61.49
60.51
61.39
62.18
61.65
61.99
61.13
61.52
62.7
62.25
62.76
65.33
65.18
64.34
65.25
65.73
65.71
64.62
65.43
65.08
65.35
65.83
67.38
67.68
67.94
67.56
68.73
66.95
68.33
67.27
67.58
67.14
68.87
68.05
67.64
67.59
68.47
68.01
68.43
70.3
69.5
69.3
68.85
68.39
66.2
66.49
66.62
67.08
66.72
67.62
67.15
67.31
66.95
67.62
68.4
66.53
66.15
65.68
66.26
66.59
66.49
65.39
65.54
66.3
67.15
67.72
68.56
69.81
69.4
69.34
70.1
69.93
69.53
70.18
70.35
70.3
72.58
71.96
72.25
72.32
72.46
72.33
72.4
72.25
72.54
71.6
72.31
73
72.24
71.86
71.82
71.85
72.66
71.52
71.91
72.14
71.91
72.87
72.6
72.05
72.62
72.95
72.55
73
73
72.88
72.2
76
75.64
73.63
73.32
72.7
72.9
71.84
71.81
69.99
70.8
70.9
70.2
70.98
71.35
69.68
68.87
69.35
71.61
72.8
71.35
73.12
72.76
72.89
74.1
76.12
75.31
75.71
77.86
78.07
78.3
78.31
77.72
76.78
77.21
78.49
78.22
78.27
78.11
80.27
78.93
78.4
79.08
79.66
79.17
80.38
81.96
82.3
81.93
79
81.15
80.48
81.5
81.92
80.6
81.31
81.14
77.54
78.85
78.1
77.93
79.44
80.6
80.73
81.15
80
79.16
80.1
81.47
81.11
81.85
83.3
83.23
83.32
83.9
84.33
85.14
84.57
83.79
83.97
84.52
85.24
83.84
84.54
84.67
86.46
84.02
83.72
82.92
81.58
81.6
81.08
80.4
83.3
84.03
82.81
82.98
82.1
81.2
83.43
83.89
84.2
80.72
79.89
78.3
79.14
81.71
82.24
81.8
82.37
81.37
81.05
82.57
80.43
82.42
83.6
83.44
83.72
84.48
84.6
83.7
84.13
85.25
84.82
84.8
84.32
83.92
84.39
83.87
83.82
84.35
87.11
89.2
89.53
89.7
88.58
87.3
87.34
87.2
86.65
86.84
87.25
86.53
86.5
87.15
87.61
87.55
88.31
88.2
88.51
86.17
85.04
85.31
84.14
85.71
84.73
85
84.09
83.46
82.49
83.79
84.51
83.35
83.68
84.91
84.91
85.22
86.42
87.66
86.11
86.42
86.45
86.75
87.45
87.07
87.8
86.48
86.3
86.28
84.86
84.04
84.39
85.75
87.3
87.42
88.1
89.41
89.26
90.5
89.34
90.3
91.22
90.62
91.29
91.3
92.4
92.32
91.75
91.09
92.65
92.49
93.87
93.05
93.79
93.55
93.21
93.3
94.91
94.89
94.59
94.22
94.85
96.06
95.7
95.88
95.74
96.58
96.6
98.11
98.4
97
94.76
95.5
96.02
96.88
95.6
95.61
95.54
95.54
96.7
96.4
98.2
99.22
99.42
101.2
103.03
102.1
99.69
100.72
100.26
101.43
100.08
99.13
99.51
98.01
98.31
101.58
101.3
101.42
102.26
103.06
104.13
102.35
99.03
97.73
98.3
97.7
98.73
97.89
96.95
95.93
95.01
95.16
95.63
95.65
99.4
99.35
100.4
100.8
100.81
101.18
101.51
101.33
101.4
102
101.34
100.35
99.85
102.35
98.19
100.88
99.98
99.68
97.23
96.57
95.63
95.53
92.65
94.88
95.43
95.53
95.27
95.99
97.6
95.5
97.25
97.48
97.1
99.25
98.38
97.6
97.58
98.46
98.65
95.88
96.1
95.5
93.88
92.81
93.78
90.7
92.8
94.02
97.19
96.79
96.76
95.98
98.77
101.39
99.88
99.95
99.88
99
99.06
100.4
100.38
102.44
102.65
103.62
102.9
103.5
103.16
102.25
103.35
102.95
103.3
104.65
105.71
104.39
105.05
106.15
106.49
105.28
105.57
104.5
105.34
105.12
106.18
104.9
104.03
103.6
102.92
103.29
102.76
103.59
103.8
103.18
104.64
104.2
102.96
102.26
102.95
105.28
104.5
106.07
105.1
103.65
102.42
103.29
101.17
101.15
102.02
100.8
102.03
100.45
100.78
99.25
99.9
100.35
100.95
98.77
99.41
99.9
101
98.75
95.7
94.56
96.31
96.39
95.54
95.56
96.9
95.6
97.18
97.8
95.75
98.8
99.5
99.15
100.1
99.03
101.34
102.72
101.84
100.84
102.31
102.65
102.2
103.9
105.42
105.65
105.2
105.35
106.3
106.2
105.85
106.65
106.28
106.31
112.25
112.16
112.86
110.98
112.42
109.92
110.05
109.1
110.75
110.33
107.88
108
105.46
104.95
104.2
103.02
103.05
102.71
98.27
102
104.34
102.45
104.21
104.89
106.86
105.84
105.25
107.4
107.3
110.01
112.97
112.4
112.05
113.4
114.45
111.9
112.1
111.84
109.94
110.48
109.76
111.2
113.25
113.8
113.91
117.28
117.49
117.9
117.85
120.2
120.69
120.47
120.74
118.87
118.5
120.4
118.88
115.45
115.5
115.75
112.9
109.58
111.25
112.24
115.3
113.87
115.25
115.05
114.82
113.24
112.9
109.67
110.32
111.35
115.96
113.5
114.95
116.54
116.95
119.75
124.17
123.23
123.83
122.55
123.97
128.2
129.8
128.23
129.32
129.25
128.05
128.4
129.9
129.35
128.15
124.7
121.75
124
123.29
126.3
126.35
124.3
126.05
124.83
124.32
125.3
126.3
127.95
127.32
131.7
132.06
132.3
131.57
132.71
133.35
133.14
136.55
136.4
141.05
140.55
142
145.05
143.07
142.46
142.08
144.03
141.52
141.84
140.01
139.11
139.42
142.24
139.8
141.65
139.19
141.03
140
141.84
145.75
144
143.34
142.77
137.8
133.55
136.8
137.88
136.5
134.97
135.45
138.04
134.15
129.22
129.73
130.56
126.62
127.11
127.22
132.83
132.19
130.6
128.73
131
130.45
134
137.5
136.95
137.73
137.5
134.92
137
133.6
130.23
131.37
128.91
129.45
127.97
126.25
123.75
124.08
129.6
129.71
127.27
124.15
126.99
124.3
128.78
127.47
133
134.31
133.24
133.11
133.18
127.37
126.19
128.45
126.62
126.27
122.87
123.06
123.89
127.41
132.85
135.89
137.05
135.98
137.3
136.8
136.29
133.27
132.85
131.41
130.74
127.14
130.83
135.18
134
134.21
134.6
135
137.02
136.19
134.71
134.85
131.5
128.28
129.95
129.45
129.05
129.35
125.9
122
117.18
115.1
117.34
117.33
122.2
121.4
121.3
116.8
118.8
122.25
117.3
119.6
121.28
120.9
120.1
119.3
119.5
119.9
120.1
119.05
115.3
117.91
114.5
114.87
113.43
116.58
113.52
113
114.06
112.25
114
116.95
115.75
114.65
111.99
110.99
111.15
109.3
108.34
109.15
109.9
110.8
110.24
109.34
112.32
117.06
116.41
116.14
119.5
120.92
121.3
122.85
122.64
121.4
122.75
123.48
120.77
121.2
122.62
120.5
119.83
120.95
124.3
124.16
125.84
126.23
125.42
123.21
124.51
126.85
125.88
126.3
124.99
123.75
116.3
117.97
118.83
115.25
112.16
114.83
111.74
110.6
113.8
114.36
118.25
115.22
114.8
113.4
116.04
115.35
117.74
116.17
110.83
111.47
109.63
105.9
104.16
103
104.29
103.3
104.3
99.5
101.28
101.9
100.25
103.31
105.87
106.11
105.85
105.36
102.2
103.28
102.58
99.67
98.57
98.63
97.15
94
92.62
94.87
93.43
94.9
96.53
96
98.65
99.37
98.2
99.13
97.36
95.92
95.55
97.96
96.37
98.35
99.15
98.1
99.1
98.57
98
98.47
95.2
98.13
100.45
100.28
100.3
99.05
99.01
103
104.01
104.2
102.5
102.69
103.6
103.28
101.3
102.86
99.99
101.39
100
101.88
102.49
102.63
105.24
105.79
105.83
106.9
109.37
109.45
110.2
110.57
109.93
109.01
105.93
104.28
101.46
99.99
98.59
96.94
98.2
98.01
100.15
100.48
99.9
95.75
96.02
95.63
96.62
88.77
89.64
85.32
89
87.25
86
85.6
86.8
85.66
86.3
88.43
89.29
88.96
92.16
91.82
90.51
87.9
87.79
87.04
88.16
88.33
88.59
90.27
91.84
92.21
93.09
87.88
87.76
89.38
89
90.71

