39.6
40.7
40.95
40
40.6
40.4
40
39.7
38.6
38.2
37.4
38.1
37.9
37.7
37.7
38
38
38.5
40
41.1
41.4
42.4
42.3
41.8
41.35
40.2
40
40.85
40.65
40.75
41.5
42
41.3
41.3
41.3
40.79
41.45
40.5
41.2
41.5
42.1
42.55
43.7
44.6
44.97
43.9
44.2
44.6
44.55
44.1
44.55
44.1
45.6
45.9
46.7
46.2
47.4
47
45.6
45.1
45.3
45.7
45.5
44.85
44.35
44.8
44.7
44.9
45.05
44
44.2
44.4
45.9
45.45
45.4
45.8
45.22
45.3
44.9
44.1
44
43.3
44.3
45
44.15
44.57
44.7
45.8
46
47
46.9
47
46.35
46.8
47.5
47
47.25
47.2
46.4
46.25
46.5
46.15
45.9
44.9
45.8
44.7
43.7
44.25
44.5
44.34
44.4
45
44.2
42.27
40.1
42.1
42.1
41.7
40.05
38.8
37.75
40.3
40.75
40.65
41.7
41.15
39.85
39.55
40.2
42.1
42.3
43
41.6
41
41.6
39.05
38.9
39.3
40.05
38.35
35.8
36.35
36.3
36.8
36.85
39.95
40
38.4
37.8
38.65
37.4
39
39.5
38.41
38.25
38.6
39.25
39.2
40
39.4
40.44
39.55
39.65
40
38.9
38.75
39.6
38.6
38.4
38.4
37.45
36.1
35.25
35.3
36.1
36
36.8
37.7
35.88
35.1
35.6
35.25
34
33.1
34.19
33.95
32
32.29
34.1
34.5
32.45
33.3
34.7
33.68
32.4
32.45
30.99
29.3
30.8
33.4
33.1
34.85
35.4
36.95
36.9
37.1
36.9
36.2
36.75
36.4
37.1
35
34.75
36
36.15
37
36.95
34.38
32.88
32.3
32.4
33.35
33.3
33.8
33.25
33.2
33.1
32.5
33.6
33
32.6
32.35
33.7
34.2
34.2
34.4
33.7
34.7
33.6
33.2
32.3
33.2
32.9
31.6
31.15
31.2
31
29.95
29.45
29.4
29.25
28.05
28.9
29.8
30.1
30.5
30.1
28.8
28.6
29
29.95
29.3
28.42
28.8
28.12
28.28
28.4
27.6
27
26.3
26.4
26.1
27.45
26.6
27
27.75
27.1
27.55
26.9
25.95
25.6
25.9
25.6
24.6
25.65
26.2
25.8
25.25
24.7
25.6
25.2
24.75
23.89
24.95
25.95
26.3
24.49
24.2
23.25
23
22.31
21.2
21
22.69
23.41
24
24.7
26.35
26.7
27.4
25.95
26.5
26.95
26.15
26.25
25.4
25.8
27.65
27.7
28.2
30.1
29.15
28.9
28.6
29
29.7
30.16
30.15
30.15
30.3
30.9
29.59
29.2
30.05
30
29.9
29.65
29.15
29.09
28.1
28.55
29.59
29.7
29.35
29.2
29.09
28.86
27.05
26.4
26.55
27.2
27.09
27.1
27
27.2
27.9
29
29.35
29.29
29.7
29.65
31.01
30.2
30.75
31.4
31.5
31.4
32.05
32.8
33.2
32.09
32.6
31.8
32.5
32.5
33.45
33.6
33.45
32.56
33.65
33.75
34.56
35.25
35.2
34.4
33.65
34.4
34.7
34.51
34.3
33.65
33.8
33.11
33.35
33.4
33.7
34
33.9
33.29
33.66
34.5
34.25
33.75
33.94
33.89
33.45
33.25
33.3
33.75
34.4
34.8
34.7
35.23
36.1
36.1
37.3
37.1
36.9
36.25
36
36.15
36
36.59
37.17
38.4
38.2
37.2
37.19
36.5
35.45
36.35
34.17
35.55
35.75
36
36.38
36.25
34.65
34.1
32.25
32.99
33.25
33.25
32.45
33.8
32.9
34.65
34.4
34.1
34.28
35.2
34.7
35.2
34.95
34.4
35.65
35.09
34.7
34.28
34.05
33.79
33.33
33.55
33.89
33.8
34
34.5
35.6
36.08
35.3
36.2
37.3
37.08
37.3
37.85
37.4
37.65
36.35
36
36.3
36.1
36
37
37.55
37.1
37.55
36.7
37.17
36.55
36.5
36.6
36.4
36
35.75
36
36.95
37.2
37.1
36.85
36.24
36.8
37
37
36.95
37.05
36.95
37.3
37.75
36.25
35.9
35.45
35.05
34.9
35.55
36.2
36.4
36.94
36.58
36
36.02
35.65
35.35
35.45
35.7
35.9
36.2
35.6
35.8
34.8
34.12
33.75
33.95
33.8
33.65
34.15
34.1
33.75
33.75
33.9
33.9
34.25
33.7
33.75
33.25
33.38
33.95
34.6
34.6
35.62
35.75
35.8
35.7
35.95
35.45
34.6
33.85
34.17
33.52
33.45
34.7
34.2
33.9
33
32.8
32.95
33.15
33
33.52
33.6
33.3
33.9
34.65
34.95
34.8
34.05
34.57
35.1
34.75
35.05
35.2
35.38
35.75
36.1
36.97
37.3
36.8
36.95
36.5
35.8
35.85
36.55
36.22
36.35
34.9
35.04
34.41
34.51
34.65
34.72
34.5
33.95
34.49
35.15
34.4
34.2
34.5
34.4
34.75
34.85
34.7
34.95
34.65
34.8
34.45
34.6
35.15
35.05
35.28
35.6
35.59
34.95
35.2
35.25
35.35
35.25
35.2
34.8
35.15
35.7
35.4
36.3
36.35
36.35
36.15
35.7
35.83
35.3
35.65
35.9
35.7
35.45
35.9
35.6
35.65
35.45
35.25
35.3
35.6
35.35
35.55
35.15
35.8
36.65
37.2
36.9
36.9
36.9
35.65
35.01
33.9
33.6
33.92
33.6
33.2
33.15
33.7
33.7
33.61
33.5
33.4
33.9
34.35
34.4
34.55
34.64
34.3
34
34.25
34.53
34.6
34.75
35
34.88
34.55
34.5
35.35
35.37
34.75
35.14
35.2
35.15
34.85
34.16
33.55
33.9
33.7
33.54
33.8
33.15
34.3
34.75
34.78
34.75
35
34.35
34.35
33.55
33.46
33.65
34.05
33.9
33.96
33.7
33.35
33.15
32.5
32.99
33.35
33.7
33.24
33.6
33.93
33.05
32.82
32.45
32.7
32.7
32.92
33.35
33.05
32.9
32.5
32.55
32.35
32.45
32.25
32
31.89
31.98
31.85
32.17
31.9
32.1
32.35
32.02
32.08
31.96
33
32.8
32.7
32.83
32.97
32.83
32.82
32.38
32.65
32.9
33.32
33.27
33.26
33.26
33.2
33.15
33.75
34.39
34.65
34.7
34.57
34.48
33.9
33.85
33.55
33.8
33.67
33.5
33
32.68
32.45
32.55
32.98
32.25
32.2
32.04
32.33
32.83
32.57
32.68
32.84
33.21
33.2
33
33.3
33.2
32.97
32.96
32.62
32.8
32.63
32.72
32.25
32.17
32.09
32.4
32.28
32.5
32.92
33.15
33.05
33.05
33.32
32.92
34.15
34.65
34.58
34.53
34.25
34.02
34.35
34.8
35.33
35.5
35.45
35.3
35.35
34.99
35.1
34.96
35.22
35.1
35.15
34.8
34.88
34.7
34.68
34.67
33.8
33.2
33.35
33.2
33.18
33.1
33.21
32.95
32.65
32.3
32.72
33.05
33.1
33.38
33.3
33.6
33.6
33.48
33.55
34.1
33.78
33.8
33.85
34.4
34.4
34.68
34.8
34.7
34.52
34.8
34.93
35.1
35.2
35.99
36.53
36.1
36.35
36.9
36.87
36.75
36.95
37.25
37.2
36.4
36.62
36.62
36.33
36.95
37.4
37.45
36.7
36.51
37.2
37.45
37.85
38.03
38.84
38.54
38.56
38.05
38.52
38.91
38.45
38.9
39.15
39.06
39.06
39.3
39.56
39.35
38.9
39.25
38.72
38.59
38.85
38.71
39.04
39.76
38.07
36.9
36.8
37.2
37.58
37.25
36.9
36.63
36.5
36.23
36.64
36.85
37.14
37.29
37.02
37.1
36.6
35.8
36.13
35.95
36.4
36.39
36.4
36.9
37.19
37.54
37.24
37.5
37.2
36.5
36.56
36.59
37.1
36.98
37.85
37.4
37.45
37.5
38.4
38.4
38.8
39.02
38.99
39.22
39.91
39.44
38.65
38.87
38.45
38.45
38.22
38.31
38.29
38.07
37.86
37.53
36.79
36.78
37.24
36.82
37.03
36.54
36.7
36.29
36.29
36.53
35.82
35.28
36.27
36.67
36.49
36.1
36.83
36.97
37.06
37.02
37.37
37.72
37.95
37.43
37.3
37.32
37.32
37.2
37.27
37.34
37.56
37.84
37.94
38.01
37.47
37.42
37.65
37.56
37.48
37.31
36.95
37.06
36.86
37
36.68
36.71
36.8
36.85
37.16
37.35
37
37.46
37.2
37.48
37.32
37.86
37.75
37.65
37.4
37.32
37.07
37.03
36.52
36.16
36.13
35.68
35.86
35.88
36.59
36.87
36.98
37
37.24
37.45
37.72
38.37
38.57
38.63
38.78
39.19
39.63
40.38
40.19
39.58
39.47
39.67
39.65
39.15
39.62
39.61
39.77
39.98
40.3
40.57
39.56
39.38
39.24
39.29
39.19
39.99
40.65
40.55
41.95
42.9
42.92
42.48
42.7
42.89
45.1
45.35
45.92
44.87
44.85
45.27
45.31
45.5
45.97
45.71
45.69
45.25
44.12
44.47
44.63
44.4
44.36
44.22
44.62
45.4
45
44.49
44.25
44.89
44.14
43.15
43.41
42.23
42.61
42.83
42.59
43.05
43.33
42.6
41.25
40.85
41.11
39.37
39.83
39.99
38.95
39.59
38.9
39.84
41.15
41
40
40.18
39.77
39.46
39.03
37.93
37.72
37.66
38.08
38.15
37
36.55
37.73
37.9
38.19
38.45
38.29
38.14
38.18
37.97
37.43
37.62
38.46
39.04
39.12
39.2
38.5
39.21
38.68
39.06
38.65
38.94
38.85
38.35
38.01
37.63
38.6
38.44
37.66
38.6
38.91
38.7
39.65
40.27
40.44
39.74
40.02
39.56
39.29
38.8
38.84
39.2
38.93
39.05
39.22
39.2
39.62
39.94
40.13
39.85
40.16
40.16
40.43
40.48
40.31
40.36
40.44
40.37
40.48
40.52
40.36
39.6
39.17
39.06
39.14
39.66
40.14
40.3
39.88
39.91
39.78
40.51
40.92
40.44
41.03
41.35
41.55
41.69
42.27
41.6
41.9
42.08
42
42.18
41.99
42.25
42.07
42.12
43.12
43.8
43.35
43.8
44.9
44.7
44.5
44.69
45.34
45.15
45.18
44.53
44.99
45.1
44.59
44.35
44.76
44.53
43.76
43.84
43.8
44.17
44.05
44.79
45.27
44.41
44.35
44.2
44.08
43.92
42.8
41.7
41.73
42.11
41.59
41.23
41.27
42.03
41.89
42.06
41.78
42.51
42.53
42.9
43.25
43.24
43.31
43.11
43.55
43.25
42.54
43.53
43.58
43.6
43.74
43.98
43.63
43.62
43.12
42.93
42.95
43.6
43.67
44.1
43.84
44.52
45.43
45.36
45.3
45.55
46.73
45.84
46.45
47.41
46.95
46.75
46.96
47.18
46.84
46.57
45.53
44.77
45.45
44.87
45.71
46.06
46
46.02
46.05
45.5
45.2
44.73
44.77
44.85
43.25
43.7
43.01
42.65
41.68
42.35
42.58
42.61
42.29
42.5
41.51
40.95
41.15
41.04
41.18
41.21
43.61
43.21
43.83
43.78
43.67
43.06
43.65
44.23
44.19
44.43
45.48
45.13
45.17
44.84
44.88
44.91
44.45
43.88
43.37
43.5
43.58
44.69
44.67
45.21
45.88
45.44
45.46
45.97
46.38
47.9
47.78
47.3
47.39
48.54
50.44
49.97
50.63
49.72
49.25
49.53
49.34
49.37
50.01
49.33
49.56
50.52
49.98
49.63
50.52
49.87
48.71
47.45
47.1
47.03
47.52
47.33
47.39
49.22
49.36
49.51
49.16
49.13
48.5
47.79
48.19
47.89
47.24
47.78
47.66
47.75
48.42
49.05
47.93
49.43
49.45
48.28
47.8
48.85
48.6
49.63
49.04
47.68
47.88
47.44
47.97
47.22
46.25
44.64
45.06
44.96
45.94
43.8
43.65
42.91
43.23
43.97
44.26
43.82
44.54
44.35
44.21
44.54
43.43
44.03
43.83
43.88
44.04
43.68
44.19
44.01
43.37
43.45
43.79
44.88
45.06
45.62
44.95
45.18
43.62
42.89
43.67
43
43.02
42.91
42.19
42.43
42.9
42.19
43.57
45
45.18
47.09
46.35
45.35
45.68
46.25
45.78
46.57
47.38
47.41
47.3
47.2
47.65
47.2
46.85
46.44
46.26
46.18
45.81
45.53
45.25
45.02
45.46
45.66
46.35
45.86
46.11
45.04
44.32
44.76
43.4
41.57
41.77
41.37
41.41
42.28
42.71
42.22
41.99
40.65
40.97
39.95
40.19
40.64
39.9
40.01
40.87
40.86
41.59
41.79
40.94
41.33
41.26
41.19
41.83
42
41.66
40.97
41.26
40.43
40.89
40.37
40.45
42.9
42.2
42.73
42.8
42.13
40.9
42.27
42.16
41.94
42.3
41.6
41.48
40
39.94
38.78
37.8
36.28
36.29
34.56
36.69
36.89
37.68
37.42
37.52
37.03
37.62
38.39
36.39
35.08
34.55
34.38
34.26
35.71
35.86
35.43
35.5
35.84
36.66
36.46
36.16
35.38
36.32
37.44
37.18
37.12
36.37
36.64
35.31
35.17
35.04
34.74
34.34
33.87
33.96
33.02
32.14
31.41
32.82
33.78
34.3
35.56
34.92
34.78
34.59
35.04
35.99
36.49
36.06
35.74
36.16
35.8
35.87
36.04
34.91
33.93
33.84
33.52
33.87
35.04
34.31
33.68
33.64
33.6
35.12
35.32
35.01
35.18
36.69
36.76
37.22
37.78
37.8
36.26
36.24
36.6
36.66
36.76
36.94
37.23
36.33
35.28
35.87
35.4
35.02
35.83
36.47
37.19
37.91
36.41
36.89
36.89
36.24
34.75
34.26
34.6
33.49
33.35
33.52
33.32
33.87
33.04
33
32.51
32.32
31.42
32
30.44
30.17
30.55
30
29.8
29.81
29.68
29.66
30.49
29.92
29.91
28.97
28.16
27.98
28.6
29.49
30.1
30.57
30.61
31.83
30.87
30.73
29.58
29.51
29.24
28.93
27.36
26.9
27.55
27.87
27.68
29.55
30.84
31.15
29.31
28.99
29.5
29.2
28.52
28.61
27.86
28.73
28.16
27.99
27.81
28.44
28.25
28.35
29.13
29.05
28.29
27.8
28.61
28.89
28.78
28.55
28.64
28.03
27.91
27.13
27.33
30.48
29.79
28.71
28.55
29.15
28.4
27.4
27.42
26.37
25.23
25.59
24.71
24.34
22.72
22
19.66
22.5
22.54
20.37
19.96
20.9
20.61
21.1
20
19
18.46
17.79
17.4
18.69
20.28
20.14
20.52
22.91
22.55
21
21.47
22.49
21.22
20.75
21.76
21.3
22.1
21.67
19.12
18.85
18.12
19.66
19.15
19.44
20.26
19.68
19.01
19.64
19.66
20.43
19.88
21.01
21.84
22.71
22.41
22
22.12
22.05
22.21
21.98
21.73
21.28
21.29
21.6
21.97
22.35
21.97
21.83
22
21.88
22.49
22.2
21.16
20
19.67
19.67
19.09
18.56
18.95
18.31
17.7
18.36
18.61
19.04
18.32
18.65
17.84
18.08
19.13
19.48
21.8
22.88
22.13
22.5
22.73
23.61
23.35
21.71
21.64
21.98
21.38
20.21
19.35
20.03
20.35
19.77
19.07
19.31
20.85
19.36
19.8
20.12
21.26
22.75
23.6
22.8
22.41
22.85
22.63
21.83
21.86
22.43
22.36
22.11
22.54
23.29
21.62
21.7
22.77
26.02
27.12
25.06
23.86
25.38
25.97
25.67
25.71
26.06
27.14
25.89
25.83
26.14
26.24
27.28
27.15
26.05
26.75
26.17
26.89
27.36
28.36
27.91
27
25.57
25
23.86
24.77
24.66
25.2
26.16
26.04
25.37
25.05
24.93
25.39
26.12
25.39
25.35
27
27.43
27.05
27.11
27.97
28.07
28.04
28.92
29.38
29.18
27.81
27.57
27.13
27.33
26.8
25.67
26.1
26.56
26.57
26.77
27.14
26.83
27.67
26.54
26.52
25.78
25.53
25.04
25.62
25.87
26.64
28.04
28.55
28.5
29.44
28.95
29.97
29.99
30.52
30.9
30.45
30.5
31.58
32.01
32.25
32.92
32.45
31.52
31.42
31.48
31.63
31
31.42
32.41
31.98
31.34
31.25
31.45
32.04
32.48
32.15
32.45
32.4
31.76
31.87
31.81
31
30.42
30.25
31.9
32.31
32.35
34.44
34.35
34.31
35.11
34.83
35.09
34.16
33.82
34.3
34.78
34.06
33.74
33.45
34.17
33.76
32.91
32.36
31.78
31.98
32.42
32.15
33.02
32.88
33.55
33.33
33.99
33.58
33.45
34.62
34.95
35.46
35.55
36.14
35.51
34.46
33.15
34.11
33.23
33.55
31.76
32.34
32.78
33.14
33.52
32.69
33.03
33.21
33.55
34.56
33.94
33.89
33.19
32.75
32.88
32.48
32.14
31.34
32.27
31.52
32.17
31.64
32.27
32.75
32.57
32.29
31.71
31.61
31.75
31.71
31.59
32.1
32.34
31.82
31.94
31.97
32.08
31.81
32
32
32.05
32.34
32.8
33.1
32.72
32.25
31.15
31.54
31.83
31.61
31.98
32.49
31.83
30.98
30.6
30.3
30.34
29.6
29.72
30.94
31.14
31.35
31.26
30.32
29.89
29.63
29.89
29.79
29.59
29
28.71
29.46
29.65
29.52
30.29
30.26
29.67
29.59
29.51
29.78
30.34
31.15
31.54
31.52
32.27
31.93
32.23
32.24
32.65
32.59
32.65
32.81
32.54
32.29
32.11
32.65
33.31
33.39
34
34.07
34.1
33.81
34.23
35.13
35.45
34.91
34.55
34.83
35.19
35.31
35.41
35.31
35.3
35.22
36.7
36.64
36.52
37.2
37.75
36.81
36.55
36.86
37.09
37.35
35.89
35.96
36.34
35.7
37.6
38.21
38.91
39.4
38.75
38.68
39.5
37.35
36.31
36.01
36.2
35.38
35.9
37.21
37.38
37.97
37.93
38.37
39.14
38.11
38.34
37.65
38.77
40.51
40.04
39.7
39.9
39.01
39.73
40.64
41.8
41.45
41.59
41.4
40.59
41.23
39.95
40.15
38.73
37.85
38.13
38.98
39.92
39.05
39.12
38.89
41.85
41.69
42.32
42.05
41.62
41.15
41.08
41.93
41.92
42.16
41.59
40.92
40.92
41.33
41.86
43.09
43.56
44.47
44.1
44.39
43.47
42.49
42.02
41.98
41.89
43.12
43.67
42.86
41.97
41.91
41.5
41.46
41.7
41.81
41.15
41.51
42.87
43.65
44.2
44.05
43.94
44.89
45.22
46.14
46.17
46.93
47.15
47.18
47.24
48.92
48.39
48.06
48.24
50.11
50.04
50.57
51.09
51.43
49.52
48.09
50.04
49.49
49.86
50.09
49.77
50.19
49.96
50.02
49.66
48.98
49.09
49.6
49.96
49.97
50.76
50.54
49.95
49.78
51.41
52.93
52.4
51.69
53.75
53.99
53.57
54.7
53.96
54.44
55
55.89
54.65
54.43
56.15
56.66
57.57
56.68
59
59.71
58.95
57.76
58.04
61.1
63.73
63.86
62.85
64.06
62.28
60.09
62.72
63.32
62.6
62.3
62.82
61.91
62.98
64.65
64.47
63.3
59.54
58.16
58.68
58.71
61.31
60.77
60.06
59.83
59.47
58.56
59.52
59.64
57.67
58.79
58.59
58.66
57.74
55.7
55.87
55.47
56.07
57.06
57.24
56.87
56.22
56.57
56.47
57.45
57.02
58.77
61.49
61.36
61.61
62.97
63.43
62.13
61.64
61.04
60.66
60.1
60.19
58.15
56.95
58.82
59.1
59.56
58.15
58.37
57.53
57.47
58.05
58.24
57.09
56.49
56.06
53.86
52.39
54.09
55.09
55.57
54.69
55.43
57.59
57.16
57.4
57.39
58.69
58.86
61.01
60.69
60.88
60.13
59.22
58.57
57.12
56.78
57.62
57.9
58.09
57.04
58.96
60.37
60.82
61.74
61.98
63.14
63.51
64.5
63.34
62.3
61.5
62.05
61.6
62.84
62.84
63.4
61.49
61.39
60.75
61.54
62.05
61.13
59.03
60.12
60.72
60.02
60.83
60.84
61.45
60.51
60.32
60.46
60.62
60.38
60.66
62.76
62.27
62.31
63.24
61.97
63.1
63.9
64.03
64.43
65.45
65.35
67
67.8
69.2
69
68.81
67.86
68.9
68.79
68
69.25
68.69
66.55
67.68
70.14
70.77
72.21
71.24
72.16
71.91
71.1
71.48
73.82
72.19
70.61
70.25
69.78
68
65.56
65.83
61.07
62.19
54.58
59.3
57.61
58.3
59.67
59.79
58.3
58.29
53.93
52.55
49.95
51.96
53.97
53.25
55
54.7
54.28
56.31
56.3
54.16
50.66
50.91
53.9
52.94
51.44
50.92
52.29
55.97
56.71
57.28
56.05
57.45
56.32
52.9
52.44
50.79
53.96
53.13
52.66
49.84
46.35
44.95
47.29
48.8
50.49
52.86
53.55
54.74
54.89
56.35
54.33
55.28
54.67
54.07
56.91
57.95
57.92
58.21
61.29
61.76
59.06
56.9
58.1
60.5
58.21
58.06
59.04
56.32
58.06
58.31
57.8
57.88
56.19
53.87
53.78
51.4
51.12
49.25
50.2
50.25
53.07
52.8
55.88
55.2
55.69
56.08
56.28
55.9
53.71
53.82
52.77
53.05
50.86
50.92
49.92
50.26
52.3
52.63
52.88
52.44
52.82
51.26
51.61
51.55
53.06
54.95
56.1
56.27
55.57
56.63
58.73
59.01
59.53
58.04
60.18
61.87
62.18
62.86
63.57
63.68
63.15
63.76
65.08
64.75
64.45
65.49
68.12
67.7
69.78
70.73
69.7
69.4
71.94
69.87
70.67
69.56
69.87
70.93
71.92
72.2
71.85
70.83
69.64
70.45
69.12
69.84
69.5
71.3
70.3
70.56
66.7
68.28
69.5
70.5
70.92
70.7
72.95
73.45
72.96
72.08
68.83
68.96
67.62
68.05
68.69
68.38
67.02
65.53
67.45
69.1
68
66.65
66.55
64.78
66.98
68.93
67.54
68.86
69.8
69.38
68.28
69.56
67.29
67.42
69.7
71
72.06
71.83
71.48
71.6
69.33
70.4
67.87
67.75
66.42
67.21
66.61
66.22
66.28
62.83
60.94
61.92
63.43
62.07
61.7
61.82
62.38
64
62.12
61.4
58.64
56.8
57.54
58.78
59.83
59.04
59.07
58.57
57.85
56.24
56.23
57.28
58.29
58.2
57.29
56.5
55.2
53.85
54.86
54.27
56.9
57.55
59.29
59.15
59
56.62
56.85
57.09
56.67
56.17
57.68
57.49
58.05
58.77
59.55
58.27
56.71
54.85
56.12
57.29
59.5
60.26
60.75
58.86
56.41
58.29
59.43
60.7
60.04
60.06
59.93
59.08
59.15
59.11
60.12
61.28
61.2
61.55
61.3
60.77
59.9
60.66
60.48
60.04
57.66
57.85
57.17
55.63
55.05
57.14
58.08
58.52
59.4
60.55
60.38
61.7
61.61
60.31
61.22
59.28
59.72
59.63
58.83
57.65
58.16
57.24
57.3
57.6
57.91
59.9
60.95
60.14
60
59.31
60.74
60.33
60.74
60.94
61.58
61.68
61.78
61.32
60.7
60.36
60.39
60.94
60.58
61.6
61.5
63.3
64.68
64.69
64.54
64.79
63.66
64.14
63.72
63.41
63.1
62.53
61.94
64.93
65.63
66.19
65.58
65.74
66.28
66.63
67.21
67.75
68.35
67.99
67.83
68.27
68.63
69.03
69.36
70.54
71.34
70.49
71.75
71.63
71.85
71.85
72.06
72.82
73.32
73.09
75.8
75.57
75.69
75.79
73.6
72.29
73.32
73.11
73.36
72.7
73.04
73.72
73.43
74.28
74.2
74.33
74.46
75.64
75.65
75.5
74.81
74.18
74.59
71.95
71.93
71.21
71.89
73.8
71.99
71.69
72.2
71.61
71.45
71.34
71.63
70.7
69.11
68.86
69.06
69.73
70.53
70.76
69.42
69.61
71.26
71.74
71.91
72.41
72.73
72.01
71.11
71.04
70.22
70.32
68.89
70.15
69.34
69.61
69.5
69.97
69.02
67.84
68.39
68.32
67.65
66.3
66.42
65.85
68.15
68.89
67.58
66.34
67.12
65.16
63.76
64.84
65.67
66.78
68.1
68.95
68.93
70.15
70.02
70.73
72.21
71.5
71.15
71.11
71.12
71.86
72.35
72.94
71.8
71.47
71.86
73.97
73.57
73
71.4
70.95
71.98
72.44
72.44
73.24
73.64
73.27
73.21
72.21
71.12
72
72.39
71.06
70.23
69.37
70
70.5
69.93
69.83
66.58
64.9
64.25
66.09
67.1
67.46
67.26
67.36
66.35
66.31
67.78
66.36
67.77
69.23
69
69.91
70.5
70.96
70.86
71.11
71.81
72.03
71.99
72.47
73.68
74.34
74.07
73.96
74.24
73.56
72.78
72.58
72.03
71.27
70.81
71.77
72.33
73.09
74.2
74.22
74.25
75.29
75.12
73.8
73.71
75.01
75.31
75.18
72.71
71.89
72.41
71.28
72.85
71.97
72.58
77
77.48
78.23
79.31
80
79.69
79.71
80.41
80.25
79.94
81.34
80.47
80.26
81.02
80.38
79.67
80.28
79.6
80.99
79.34
79.56
79.68
79.27
78.38
78.85
80.69
80.94
80.88
82.98
82.44
81.92
82.13
82.14
81.9
82.1
83.55
83.6
82.61
82.19
82.39
83.68
83
84.05
81.55
82.34
82.02
81.65
82.1
81.64
81.25
81.59
81.53
82.98
82.77
83.1
82.89
83.55
84.58
84.5
84.73
84.78
84.35
85.22
83.27
82
81.68
82.52
82.16
80.96
80.03
79.7
79.89
81.02
80.34
82.05
83.11
84.09
84.5
85.06
85.5
83.54
84.03
83.19
83.6
84.47
84.18
83.65
84.31
84.4
85.22
85.59
86.34
86.12
86.13
85.89
84.67
81.97
80.19
82
80.58
81.32
80.72
79.87
80.63
79.96
81.74
82.07
82.14
84.38
85.17
85.67
86.03
84.82
84.65
84.7
84.31
84.98
84.7
83.94
84.27
83.7
84.21
81.37
82.88
82.63
83.11
82.06
80.67
81.21
80.39
80.02
79.56
80.41
81.08
86
87.13
87.81
88.77
89.81
90.29
90.97
91.87
91.66
92.05
92.82
92.89
93.64
91.68
91.33
91.45
89.8
89.91
90.23
88.1
90.5
92.8
94.09
92.8
91.1
89.72
89.5
90.43
90.36
89.29
89.01
88.23
88.63
88.36
88.46
88.79
89.64
89.63
88.4
86.35
88.35
87.76
88.48
89.33
89.73
91.03
91.68
91.06
91.89
92.2
91.59
92.02
91.25
92.6
92.74
92.47
91.85
91.61
91.25
90.52
91.14
90.72
91.55
92.53
92.52
92.61
94
93.15
92.6
92.37
92.77
93.57
93.9
95.44
94.98
93.94
92.89
92.79
91.8
91.96
92.92
92.38
95.32
93.98
93.72
92.85
94.05
94.4
95.47
94.42
92.52
91.86
90.89
89.35
87.5
88.6
88.04
87.95
86.53
87.1
88.58
87.27
88.01
88.44
86.93
88.19
88.98
88.84
89.79
89.3
90.99
90.94
90.14
89.22
88.53
88
87.65
90.12
91.43
91.99
91.6
91.25
90.52
89.67
89.39
89.6
89.9
89.75
90.24
88.85
86.83
84.99
86.85
85.04
85.63
85.08
86.28
84.33
83.87
81.88
82.31
81.54
81.85
79.83
79.72
79.7
76.61
78.38
80.2
78.48
81.51
81.83
83.53
82.08
81.3
82.68
82.56
83.32
85.49
85.79
83.55
83.69
84.5
83.52
83.97
83.87
83
82.79
82.9
83.62
84.78
84.91
85.17
87.52
89.25
90.63
90.69
91.38
91.93
92.11
92.03
90.97
90.47
92.05
91.2
89.83
89.57
90.45
88.2
85.29
87.31
88.04
90.71
90.02
89.95
90.55
90.47
90.07
87.84
85.64
86.07
87.26
89.16
88.6
88.9
89.91
88.71
91
93.61
93.5
94.11
94.9
98.33
102.5
106.16
102
102.9
103.25
103.6
104.15
106.91
106.51
106.54
105.9
102.7
104.9
103.85
106.5
107.39
106.55
106.55
108.77
109.04
112.02
111.72
110.93
109.72
111.83
112.85
114
111.4
113.1
114.28
115.15
114.65
113.68
119.22
118.55
120
123
121.3
116.3
116.5
116.85
113.98
114.6
114.25
116.45
116.17
117.15
116.35
115.77
115.21
115
113.19
116.05
117.5
116.19
115.18
115.43
112.87
110.29
111.76
112.12
110.32
110.86
110.29
112.89
110.21
106.14
105.69
106.81
106.55
104.06
104.48
109.44
109.37
106.78
104.47
104.67
102.5
103.5
106.98
106.51
105.28
104.8
103.9
104.97
102.9
101.34
100.95
100.54
101.37
99.32
99.55
97.24
98.25
101.02
101.27
100
98.64
98.48
96.56
98.18
97.33
102.42
104.27
102.67
103.5
103.54
98.79
98.63
100.67
99.25
99.37
96.94
95.02
92.25
94.17
95.65
95.14
94.7
93.51
95.93
95.77
95.8
95.22
93.97
93.71
91
88.91
90.55
89.68
90.06
91.5
91.67
90.46
92.88
92
92.67
93.6
89.62
87
86.38
86.74
87.02
86.06
84.31
81.58
80.11
78.61
80.65
81.19
83.54
83.18
82.61
79.83
80.18
82
79.9
80.74
84.25
85.38
86.48
86.07
85.55
87.65
87.64
88.04
85.97
83.99
79.1
80.01
75.95
79.07
76.78
77.07
79.06
78.54
78.71
81.52
82.22
86.3
86.44
88.02
89.58
87.9
86.95
86.97
87.15
87.55
87.2
87.96
90.78
93.3
92.68
92.52
93.39
93.2
93.26
94.17
93.6
92.27
92.64
96
94.77
96.33
95.98
94.17
94.81
94.91
96.86
97.55
98.8
99.3
98.24
96.92
99.35
100.66
101.4
103.4
102.78
102.74
97.68
99.18
100.2
97.4
96.34
97.27
93.81
92.51
94.8
95.8
98.68
96.46
96.11
96.55
98.44
97.84
98.51
98.12
93.05
91.77
88.66
84.12
83.51
83.31
85.42
82.13
81.15
77.27
78.14
78.06
76.58
78.78
79.76
79.24
80.2
80.16
78.62
77.05
75.66
73.75
72.72
71.97
72.84
69.37
67.51
69.45
67.85
70.09
73.66
73.2
75.68
75.42
73.89
75.59
73
70.69
71.6
73.71
75.34
78.12
80.63
81.35
82.84
82.13
80.06
78.72
75.51
78.85
80.63
79.91
83
80.82
81.38
81.55
81.35
80.96
80
80.3
82.25
81.1
78.5
77.65
75.01
75.34
73.42
74.57
74.98
75.64
78.09
79.4
78.18
80.41
82.76
84.23
83.95
82.89
81.94
82.59
83.57
83.83
81.1
81.63
78.63
76.8
75.53
76.08
76.91
78.2
77.35
76.28
73.39
71.82
71.21
70.84
71.52
71
72.37
74.04
75.64
74.97
75.6
76.08
74
74.15
72.3
72.42
74.01
73.14
72.1
70.7
68.91
67.87
69.03
69.12
69.34
72.72
72.82
72.34
74.03
68.42
66.2
66.14
66.2
66.45













































