73.8
77.8
77.2
76.4
76.6
78.5
75.75
75.9
72.95
73.35
69.55
72.6
71.75
70.2
69.15
70.5
70.8
71.2
70.4
69.5
69.3
68.8
69.1
67
65.05
63.85
65.4
64.6
66.75
66
66.2
66.9
65.25
65.6
64.6
63.5
65.3
62.6
64.2
65.55
68.4
68.3
68.9
72.3
73.95
74.9
76.05
77.55
77.15
75.18
73.7
74.1
75.35
76.5
76.2
73.95
73.3
74.7
73.8
74.5
74.5
75.15
73.35
72.2
71.5
70.8
69.57
69.8
70.1
68.4
67.2
68.6
71
70.7
69.1
67.85
63.95
63.8
64
66.15
66.1
65.4
67.2
66.4
65
64.3
65.4
68.5
67.4
65.7
68
71.05
71.2
70.9
71.7
71
70.7
69.4
68.3
68.4
70
69.5
68.05
66.3
67.1
66
63.4
63.95
64.2
63
63.5
63.7
62.1
61.4
59.7
61.7
60.9
59.25
58.9
59.1
57.5
58.3
55.6
57.4
60.75
59.8
57.15
55.9
58.05
61.65
61.8
59.75
57.5
56.6
57.3
55.1
56
57.6
58.5
55.5
52.7
51
49.3
47.45
48.3
51.4
52.25
50.95
47.7
44.8
42.2
44.3
44.55
47.5
48
47.2
47.5
46.5
47.8
49
51.1
49.85
52.8
53.3
51.4
49.6
51.3
49
48.6
48.23
46.7
43.93
43.3
43.6
44.6
43.9
44.7
46.4
44.3
43
42.1
41.5
38.5
37.5
37.65
36.6
37.15
38
37.2
36.8
33.95
34.7
35.2
34.2
32.55
32
31.8
32.1
34.7
37
37.2
40.55
39.6
41.2
42.05
42.95
42.2
39.8
41.75
43
45.1
42.4
45.2
47.5
48.4
51.45
50.2
48.4
45.7
45.2
42.75
44.7
44.75
46.2
47.3
46.6
46.7
47.3
49.3
50
49.9
48.5
50.1
50.3
49.7
51.5
49.7
49.3
46.6
46.4
44.8
45.3
44.7
43.8
44
45
44.4
42.8
41.75
42.02
41.63
40.45
40.5
43.5
43.6
44.7
44.25
42.2
42.25
42
43.1
44.1
43
41.43
39.45
39.35
39.7
38.5
39.72
37.4
35.62
35.65
37.45
37.1
38
37.2
35.8
37.2
35.85
34.9
35
35.6
34.6
34.6
36
36.9
38.11
36.6
36.2
36.9
36.1
35.1
35.6
36.2
37
37.4
37.3
37.9
36.5
36.4
34.8
33.8
32.4
34.8
36.55
38
38.95
40.1
40.2
42.25
40.18
41.25
41.5
40.5
39.1
37.6
37.7
39.7
39.7
40.25
42.8
42.9
41.85
41.1
41.5
42.3
43.3
43.1
43.8
44.15
43.9
43.55
42.7
44.65
44.8
44.3
44.75
45.2
46.1
44.81
43.2
43.7
43
42.55
41.6
42.2
42
40.15
39.85
39.4
38.8
38.8
38.75
39.35
39.9
39.5
40.4
41.1
40.85
41.75
41.9
43
42.2
42.75
42.8
42.6
42
42.65
43.3
43.75
43.2
43.7
43.1
43.25
43.4
43.3
43.2
42.65
41.5
43.1
43.2
43.63
45.8
46.4
46.2
45
45.8
46.5
47.05
47.8
46.7
47.4
46.2
47.2
47
48.9
49
49.7
49.65
49.5
49.99
49.65
49.5
50.1
49.6
49
49.2
49.3
49.9
51.35
52.5
52.4
53.4
54.75
54.2
55.8
56.5
55.5
54
54.7
56.1
56.75
57.8
57.2
57.8
58.2
57.1
58.1
56.9
54.95
55.4
54.08
54.6
55.9
56.2
57.3
57.2
54
53
51.95
51.95
52
52
51
51.9
52.1
54.6
54.2
53.8
54.35
55.58
55.35
56.75
56
56.65
56.7
56
56.5
57
55.7
54.9
54.2
55.2
56.2
57.2
57.9
57.8
60
59.6
59.77
60.1
61.31
60.5
60.85
61.08
62.4
63.3
60.1
59.1
58.98
59
58.8
61
60.8
60.3
60.95
60.85
62.7
62.8
65.15
63.7
63.15
62.7
63.55
63.25
64.25
63.65
64
63.9
61.85
62.78
63
62.7
62.45
63.55
63.8
64.1
64.2
64.6
65.26
67.85
67.7
67.2
67.1
68.3
68.6
68.45
68.15
67.7
67.2
68
66.2
65.78
66
66.88
65.3
65.1
65.45
64.75
64.1
64.15
64.54
65.88
66.85
67.8
67.39
66.1
67.1
66.97
66.35
66.4
64.65
63.8
62
62.95
62.95
62.3
63.05
64.05
63.75
63.9
63.85
63.39
62.5
61.96
60.9
60.6
58.85
59
60.5
59.64
59
57.3
57.5
57.9
59.75
59.5
60.7
60.66
60.1
61.1
62.75
63.15
62.25
62.45
62.75
62.85
62.25
61.3
62.4
62.2
63.07
63.2
64.45
65.25
64.9
65.3
62
60.5
59.9
60.95
61.47
61.35
59
58.58
57.6
58
56.05
56.9
56
54.8
55.85
57.55
56.75
56.7
57.9
57.7
57.85
58.2
57.8
58.15
57.2
57.95
57.65
58.55
59.75
60.15
59.05
59.35
59.25
57.9
58.6
58
57.65
57.5
56.9
55.8
56.65
57.86
57.9
59
58.95
59.15
58.1
57.75
57.6
56.7
57.15
56.65
56.45
55.9
56.7
56.65
55.5
55.25
54.75
55.6
56.1
55.25
54.9
53.9
54.98
54.75
57.4
58.19
57.95
57.65
57.2
56.61
55.4
55
55.5
54.8
53.35
53.4
54.5
54.6
54.65
54.75
55.3
56.05
56.13
56.6
56.25
56.71
57
56.35
57.25
58.25
58.55
59.05
59.5
59.1
59.3
59.8
60.9
61
60.28
60.15
60.77
60.7
61.15
60.3
59.45
59.5
59.05
59.35
59.93
59
60.35
61.05
61.85
61.85
61.75
61.45
61.45
59.65
59.05
58.7
59.3
59.2
59.5
58.65
58.6
58.5
57.6
57.75
58.6
59
58.5
58.9
59.75
59.6
60.48
60.8
60.85
60.5
60.6
60.4
60.78
61.03
60.15
61.52
61.27
60.72
60.8
60.6
60.63
60.73
60.52
60.85
60.25
61.55
61.8
62
62.25
62
62.1
61.7
61.65
62.3
62.47
62
61.9
61.15
61.22
61.9
61.85
62.05
62
62.45
61.9
62.36
62.8
62.52
61.95
62.3
62.6
62.62
61.7
61.35
61
61.05
61.6
62.15
61.78
61.25
60.75
61.2
61.96
61.75
63.22
61.3
61
61.3
60.9
59.72
60.32
60.7
60.3
60.55
60.75
61.55
61.15
60.97
60.6
60.2
59.92
60.25
59.4
59.2
59.02
59.87
58.9
60
60.7
60.9
62.25
62.2
61.8
61.7
62.1
62
61.92
62.15
61.25
61.35
60.9
61.06
61.15
61.2
61.47
60.91
61.57
60.87
60.97
60.75
61.1
61
61.5
61.9
62.08
61.64
62.07
62
60.55
58.95
58.3
57.55
58.25
58.63
58.83
58.14
57.2
56.65
56.78
56.75
57.06
57.18
57.44
57.43
57
56.4
56.4
56.7
57.25
57.05
56.81
58.33
58.71
58.9
59.2
58.73
58.47
58.7
58.85
59.2
59.48
60.6
60.85
60.24
61.38
62.71
62.5
62.53
62.36
62.62
62.65
61.6
62.13
62.58
62.3
62.2
62.2
63.1
61.75
60.4
60.72
60.9
60.4
60.92
61.15
61.15
61.35
60.75
61.9
62.1
62.05
62.35
63.13
63.75
63.3
64.25
64.6
65.65
65.7
65.75
65.85
66.05
64.5
63.55
63.95
64.15
63.85
62.66
62.65
62.75
63.75
64.25
63.9
63.7
63.9
62.51
62.9
62.2
63.15
63
63
63.1
61.9
61.25
61.9
61.4
61.75
61.55
61.65
62.55
63.45
63.15
63.11
64.26
64.16
63.45
63.2
62.9
64.05
63.75
64.16
62.6
62.35
62.5
63.45
62.97
63.5
64.04
64.15
64.51
65.22
64.02
63.23
63.38
63.18
63.16
62.32
62.14
63.24
62.99
62.65
61.91
61.36
61.2
61.62
60.43
60.72
60.02
60.84
61.94
62.09
62.75
62.88
62.15
62.46
62.06
62.65
63
63.24
63.22
63.77
63.84
64.12
64.95
65.26
65.06
65.56
64.88
65.03
64.54
64.99
64.3
65.54
65.44
64.96
66
66.42
66.44
67.96
68.46
70.09
70.51
70.06
71.26
72
72.24
72.13
71.34
71.96
72.2
72.79
73.74
72.37
73.04
73.1
75.1
74.76
75.35
74.8
73.64
73.58
73.5
72.02
72.13
71.18
70.85
71.18
69.72
70.66
70.42
71.44
75.96
76
75.96
75.16
75.49
73.96
74.36
74.6
74.3
74.56
75.92
74.46
74.84
75.37
76.2
76.7
76.9
76.05
75.77
77.86
78.69
78.19
79.21
77.11
77.8
76.05
75.9
75.12
74.98
74.55
75.7
76.45
76.25
76.44
76.29
76.6
76.14
76.48
76.32
75.8
75.39
74.98
74.75
75.24
76.08
76.98
76.93
77.95
77.35
77.29
77.65
76.91
76.8
75.11
75.08
75.14
74.91
77.22
77.34
78.11
78.33
77.9
79.45
77.45
75.15
74.8
73.76
73.75
75
74.1
73.3
72.72
71
70.46
69.76
70.27
67.65
67.8
68.8
67.2
68.7
66.24
68.12
68.36
68.25
66.45
66.86
67.1
66.4
65.15
64.26
64.78
63
63.04
62.34
61.57
60.96
63
62.81
66.58
68.1
68.71
67.65
68.23
66.67
66.2
66.06
67.31
68.05
68.64
68.71
67.55
67.95
67.48
67.46
65.79
65.59
64.23
62.91
62.94
62.5
64.51
64.3
63.01
63.98
64.16
64.6
62.92
63.03
63.19
62.4
63.6
63.2
62.64
62.37
62.16
62.9
62.84
62.44
63.59
64.84
65.8
66
66.09
65.6
65.95
65.6
65.65
65.48
66.25
65.97
66.51
66.25
66.7
67.96
67.45
66.45
66.17
66
65.95
66.9
67.05
66.55
67.4
67.25
66.72
67.35
67.16
66.9
67.2
68.25
68.5
68.65
68.81
67.9
68.07
67.56
67.95
67.75
67.35
66.88
67.22
67.85
67.5
67.8
67.8
68.35
69.25
71.2
71.49
70.7
70.95
71.73
71.15
71
70.21
70.37
69.61
70.4
71.5
71.49
71.83
73.7
74.9
74.81
74.75
75.43
75.8
75.85
76.25
75.96
75.53
75.25
74.43
72.1
72.34
72.4
72
70.84
71.69
72.62
72
73.1
73.57
73.4
73.26
73.59
74.11
74.24
73.35
72.8
72.89
73.35
72.81
74.06
75
75.6
75.9
75.44
75.5
75.4
75.5
76.79
76.16
76.81
77.55
77.52
77.75
78.3
78.3
78.15
77.1
76.75
77.9
82.44
81.22
81.65
85.45
84.2
85.24
84.52
83.76
82.29
83.98
82.55
82.72
82.79
83.76
84.3
83.6
84.29
85
84.39
84.37
85.44
84.56
83.7
80.52
79.58
78.92
77.88
77.32
78.59
78.56
80.18
80
80.9
78.71
77.75
78.62
79.12
79.35
79.5
80.55
82.12
82.08
81.83
81.48
79.76
79.42
80.01
79.94
81.15
81.99
83.25
85.62
85.43
84.71
85.67
87.78
88
87.01
87.28
90.1
91.5
89.51
86.38
89.61
90.34
89.24
90.95
90.9
90.12
89.8
88.29
88.4
86.64
87.31
86.65
87.52
88.8
88.88
92.67
92.28
93.08
93.8
96.36
97.8
97.85
97.52
97.8
98.42
99.36
98.02
96.01
94.9
94.87
97.02
97.71
98.08
102.73
106.66
105.53
106.47
106.95
105.9
103.98
105.05
104.95
103.4
106.53
106.05
106.38
110.1
110.15
109.9
109.35
111.25
107.7
107.22
110.82
111
109.18
107.9
105.8
108.8
106.15
107.1
105.9
99.3
93.6
94.36
96
93.57
93.54
91.65
91.03
91.53
93.64
94.77
93.02
92.35
90.82
90.46
90.1
85.84
88.32
88.7
88.96
90.66
91.3
92.7
90.95
89.03
88.13
89.81
92.39
91.81
92.97
92.05
92.63
89.05
87.84
89.06
88.08
89.1
87.38
86.21
88.45
92.82
94.5
97.4
95.8
95.25
94.45
96.21
96.25
98.5
98.63
98.24
98.49
99.1
97.52
97.36
97.2
98.8
97.7
95.38
92.88
93.3
91.75
91.35
90.2
91.75
89.88
91.1
91.82
94.1
93.85
94.38
91.9
93
93.7
95.55
94.65
103.5
103.7
102.05
101.56
101.34
98.25
97.74
95.89
96.2
96.4
96.4
98.5
97.5
97.7
101.03
101.65
103.85
102.35
102.15
104.89
105.34
106.44
107.63
106.84
106.85
104.82
105.2
102.09
103.45
104.25
105.05
108.64
108.03
108.42
106.75
105.9
103.05
101.45
104.25
97.15
96.5
96.6
98.25
96.55
94.9
91.95
91.8
83.64
85.8
82.61
84.65
83.03
82.75
86.4
86.3
86.55
90.15
90.5
85.23
86.2
85.8
84.7
86.07
88.55
89.4
89.45
87.95
89.45
90.3
89.1
87.25
86.95
88.35
91.2
91.45
88.4
84.6
84.7
82.7
84.3
82.33
80.2
79.7
82.7
82.6
81.4
78.9
66.99
71.28
68.44
67.53
67.79
68.36
69.55
68.4
69.19
72.02
71.9
70.89
71.5
72.27
71.52
70.83
71
67.93
68.31
69.71
71.02
70.72
72.15
71.83
70.56
73.25
74.4
74.75
74.93
73.55
75.95
77.2
76.65
76.7
76.2
76.7
74.7
75.2
75.2
75.25
75.3
76.85
77.3
75.1
73.96
73.95
71.55
72
71.81
72.25
73.19
73
72
70.91
71.4
71.52
69.8
70.44
72.13
70.35
72.25
74.35
74.6
75.73
75.15
75.2
72.4
73.89
72.9
72.88
70.76
70.24
70.12
69.43
68.2
69.29
68.29
69.37
69.45
70.6
70.99
68.81
69.75
69.76
69.95
73.07
73.65
73.65
73.75
73.5
72.38
73.23
71.92
73.42
77.62
78.35
76.97
76.55
78
78.95
79.2
79.43
79.55
77.69
75.95
76.25
76.3
76.2
74.6
74.55
74.2
74.65
73.44
73.5
73.7
75.15
74.35
74.02
74.5
74.33
70.68
69.44
70.22
68.97
68.72
68.35
69.4
68.06
66.57
65.02
65.42
70.38
67.34
67.18
67.5
68.36
67.01
64.5
66.3
64.25
60.9
60.1
55.29
53.24
50.1
50.45
45.31
52.64
53.43
45.4
43.9
46.71
49.08
49.09
46.28
42.25
40.58
36.24
37.1
43.8
44.65
47.46
47.39
50.6
47.81
42.9
43.56
44.1
41.45
39.99
41.32
42.48
43.36
41.9
40.73
40.54
39.92
45.43
46.77
47.05
49.21
47.1
44.46
46.25
46.97
47.44
46
48.7
48.45
48.68
48.27
47.48
47.23
48.2
49.83
50.57
51.61
51.2
50.74
51.98
52.79
55.95
55.12
56.36
55
53.05
50.94
49.4
48.4
42.77
43.34
43.2
43.68
42.93
44.81
43.56
42.28
43.26
45.01
46.46
44.85
44
43.28
43.65
45.06
46.8
49.74
48.75
46.16
46.75
45.92
46.32
45.55
44.46
44.38
44.19
41.52
40.6
41.65
41.01
41.4
40.6
38.35
38.5
40.43
38.93
37.96
38.74
41.74
42.46
44.37
43.75
44.34
44.65
44.95
43.6
43.46
45.99
46.2
43.01
44.6
44.23
41.36
43.24
43.24
44.95
47.34
44.6
43.83
44.05
45.95
46.01
46.68
47.6
48.27
45.6
46.16
47.8
46.92
49.14
48.6
47.6
51.55
50.57
52.6
51.73
52.89
50.91
52.92
51.64
51.2
49.02
50.51
50.15
51.82
54.3
54.49
52.51
52.53
53.13
53.55
53.43
52.94
51.72
54.44
54.5
53.1
54.12
54.62
53.39
53.45
53.63
54.5
54
51.36
51.67
51.55
50.94
50.74
48.75
48.24
49.19
49.35
48.85
50.23
49.23
50.11
47.52
47.46
47.07
46.5
46.18
47.45
46.78
48.4
48.78
50.46
50.93
51.6
52.25
53.15
53.95
55.64
55.4
55.93
55.52
56.94
56.9
55.94
57.56
56.96
56.55
57.7
59.28
58.49
57.37
57.65
58.1
57.4
56.15
56.2
56.55
56.97
59
59.12
61.66
60.42
60.43
60.83
60.37
58.27
59.05
59.2
60.63
61.46
61.84
62.93
64.65
63.41
64.47
65.38
66.35
66.03
66.78
65.51
65.76
66.21
64.23
63.59
66.28
64.82
63.74
61.75
60.49
60.86
62.92
62.98
64.55
64.72
66.32
65.82
68.84
68.51
67.2
67.91
67.05
67.25
66.23
65.67
64.91
65
62.81
64.7
61.25
61.06
61
61.3
62.06
62.1
63.93
63.63
63.96
63.75
64.06
65.85
65.34
66.39
65.28
64.12
66.3
66.15
67
64.91
65.57
65.28
67.69
67.41
64.31
63.11
62.44
61.78
60.26
61.37
62.01
61.62
61.21
61.87
61.65
61.63
63.35
63.83
63.98
65.01
64.92
64.59
65.34
65.51
65.77
66.78
67
67.26
66.01
67.07
67.24
66.53
66.81
67.54
66.02
64.68
64.39
64.8
67.94
66.85
65.4
64.9
65.17
66.08
65.61
62.97
61.16
62.15
63.66
62.95
63.49
62.24
62.75
63.16
64.31
65.2
65.16
64.92
63.82
64.27
62.55
63.16
64.55
65.9
66.9
66.36
67.36
67.12
67.22
67.67
67.12
68.21
67.71
69.6
72.02
71.72
71.27
71.11
71.76
71.75
73.46
72.95
74.16
73.2
74.25
75.4
76.05
75.09
74.6
74.76
74.88
73.89
73.55
73.1
71.25
71.93
73.72
73.22
71.76
73.13
75.82
73.15
72.23
73.08
73.6
73.4
71.04
70.94
70.8
68.45
73.1
75.27
76.26
77.72
74.01
73.87
76.05
74.94
71.65
71.21
70.81
69.03
71.35
73.36
72.82
73.98
73.95
73.87
74.57
72.7
72.3
72.06
74.42
75.71
74.41
77.02
78.2
78.45
77.63
77.23
78.85
78.51
77.69
75.9
75.45
76.2
73.6
74.18
73.12
71.96
71.8
71.45
72.8
73.8
73.33
74.33
75.82
75.8
75.08
73.86
73.56
73.15
73.8
75.86
76.65
76.66
76.61
76.6
74.67
74.76
77.6
77.48
76.9
78
76.62
78.26
77.26
75.45
75.46
75.26
75.18
76.36
76.72
74
73.55
73.25
71.5
71.16
71.34
72.46
71.36
71.75
73.67
73.55
74.59
74.73
74.51
75.35
75.45
75.67
75.85
76
76.6
77.94
77.1
78.75
79.25
77.29
76.48
79.08
78.01
77.54
77.68
77.58
76.75
75.48
76.63
77.49
76.86
77.17
77.25
77.02
79.78
80.31
80.99
81.82
81.41
82.7
83.12
83.35
83.14
82.57
81.44
82.29
82.2
81.95
82.92
82.16
83.69
83.94
85.34
84.95
83.96
85.7
85.58
85.56
83.43
84.21
85.54
85.5
85.2
84.23
85.55
86.26
85.7
85
84.8
88.23
89.98
89.75
90.03
91.86
90.86
89.77
90.64
90.9
91.21
93.01
93.36
92.76
94.6
94.6
94.16
94.75
94.39
94.34
94.67
93.17
94.17
92.37
91.35
90.08
90
89.4
91.7
93
91.75
91.44
91.98
91.68
91.7
90.93
92.76
94
93.61
94.48
94.9
93.72
93.88
95.05
93.75
93.7
93.24
93.9
94.01
94.05
93.52
94.8
95
94.78
96.78
97.3
97.78
96.43
94.78
92.25
93.49
94.2
97.55
95.6
95.36
96.58
94.88
94.5
94.26
94
92.25
91.45
89.95
88.8
86.32
89.5
90.25
92.9
91.62
91.85
92.85
93.77
93.95
94.22
96.47
96.67
98.95
97.91
97.15
97.79
96.52
96.25
95.27
93
93.9
93.56
94.99
92.93
92.8
95.41
95.7
96.71
97.22
98.34
98.31
97.85
97
94.6
95.31
95.21
95.63
96.15
95.61
95.21
93.3
93.16
92.25
92.41
94.3
92.2
90.09
90.75
90.4
90.4
89.8
90.45
92.95
90.85
90.12
91.25
89.9
90.5
89.28
91.2
89.4
89.44
91.4
90.5
90.4
92.1
91.5
93.1
92.85
91.75
92.7
92.85
91
93.4
94.55
94.75
94.45
94.81
95.05
95.7
94.75
93.15
93
94.1
92.78
92.88
91.56
93.25
92.4
93.5
93.1
93.75
93.45
90.6
90.58
88.8
85.8
83.8
81.58
77.99
77.56
71.55
73.68
72
73.13
74.55
74.55
73.8
73.45
69.71
68.5
68.76
69.9
71.27
70.15
70.35
71.05
70.89
72.15
71.55
69.7
65.6
66.45
68.73
67.3
65
64.49
65.55
68
69.98
69.9
68.31
70.33
69.05
65.93
65.4
66.22
69.9
68.2
69.25
67.94
66.05
65.8
68.7
71.18
71.45
73.65
72.63
73.9
74.15
74.6
73.03
74.6
73.35
72.5
74
75.72
75.4
75.55
78.5
77.95
76.45
74.1
73.95
76.2
74.48
73.07
74.18
71.7
72.6
73.98
73.1
74.05
73.46
72.35
72.1
70.1
69.66
68.3
67.88
68.35
71.25
71.9
74.52
74.4
74.96
75.7
75.7
75.35
73.37
74.84
72.55
73.37
72.25
71.45
71.3
71.28
72.81
72.15
72.78
72.95
73.2
72.55
73.49
73.83
75.41
76.6
76.3
76.25
76.45
76.14
75.72
75.65
75.6
75.1
76.2
77.38
78.36
78.25
78.19
78.6
77.24
73.98
73.4
72.89
72.25
72.12
73.2
74.33
75.62
75.52
75.97
76.3
75.5
74.23
74.6
73.95
73.8
74.4
74.5
75.01
74.7
74.65
74.69
75
74.13
74.85
75.15
75.5
74.8
74
72.43
73.55
74.41
74.68
74.99
76.15
76.55
78.6
79.4
79.36
78.5
78.51
77.75
77.45
77.25
76.75
75.45
74.8
75.7
76.74
75.5
74.1
73.9
72.25
73.05
72.8
71.7
72.05
72.89
71.06
69.7
70.35
69.24
69.8
70.43
70.15
70.79
70.2
69.3
68.7
67.6
67.55
66.46
67
67.95
67.85
67.25
66.5
66.45
65.9
65.9
66.7
67.6
66.35
67
68.53
68.15
68.49
67.5
66.9
64.8
64.3
64.45
65.1
65.4
65.49
65.25
65.85
65
65
66.45
66.07
67.2
67.25
66.45
65.8
64.15
63.55
63.95
63.2
66.07
66.92
67.6
67.6
67.5
66.84
66.7
66.95
67.3
66.75
68.1
68.02
68.7
69.06
69.98
69.23
67.4
66.6
68
66.45
67.71
68.9
68.9
69.4
68.35
72.5
72.8
73.87
73.95
73.9
73.9
73.85
74
74.1
74.02
74.4
74.9
75.35
74.5
73.8
74.45
75.28
74.9
74.9
74.55
75.24
75.55
74.55
74.57
76.21
77.15
77.3
78.25
78.34
78.81
79.2
79.05
78.96
79.05
79.5
79.22
78.75
78.81
77.66
78.4
77.98
78.22
78.45
79
79.2
80
78.75
78.3
77.8
76.75
76.32
76.5
77.55
78.05
78.81
78
77.65
77.1
76.7
76.65
77.2
76.95
77.31
77.75
78.4
79.25
79.45
80.29
78.85
80.05
79.5
79.29
79.35
78.05
76.9
77.05
78.05
78.4
77.49
78
78.2
78.1
78.6
79.35
79.15
79.35
79.5
79.5
80.15
80.3
80.55
80.8
82.01
82.05
81.85
81.9
82.15
82.7
82.85
83.15
82.25
82.45
82.06
83.75
83.94
83.86
83.5
83
83.35
83.6
83.7
83.48
83.38
83.11
82.98
82.97
83.75
84
83.84
80.9
81.5
81.45
81.25
81.28
80.7
80.24
77.2
77.88
76.93
77.15
77.06
77.05
77.85
78.75
78.68
77.97
77.81
78.77
78.5
77.21
78.35
78.58
78.2
79
79.8
79.4
79.5
80.85
81.91
81.9
82.91
83.25
82.7
83.2
83.6
83.2
83.87
84.48
86.7
86.75
86.5
86.4
85.4
84.35
83.91
85.75
83.95
83.25
81.35
81.2
80.98
82.01
82.5
80.62
79.14
79.1
77.98
77.1
76
76.54
77.9
79.3
79.76
78.8
79.6
79.2
79.98
80.55
80.25
80.53
81
81.4
81.51
81.67
81.34
81.1
80.74
80.95
80.8
81.24
81.8
81.12
82.35
82.69
82.9
82.84
82.75
81.3
81.51
81.1
80.64
79.4
80.27
80.93
80.55
80.04
79.4
79.08
80.3
80
80.02
78.65
77.7
76.29
76.47
77.45
77.9
77.7
79.75
79.2
78.3
78.9
78
78
78.92
78.8
79.1
79.55
79.5
79.55
80.7
82.25
83.17
83.4
83.3
83.3
78.8
80
79.7
80.5
82.2
84.2
83.72
83.96
83.4
83.1
83.25
83.6
83.51
83.73
84.15
83.25
83.5
82.67
82.25
81.7
82.98
82.62
82.9
81.13
81.1
81.23
80.39
81.64
80.9
82.25
84.5
86.56
86.7
87.71
87.65
87.21
86.97
87.57
88.34
89.4
90.03
89.8
89.7
89.8
89.9
89.9
90.01
89.2
91.88
91.4
89.83
91
89.64
89.3
88.85
90.85
91.45
91.4
90.41
90.2
89.21
90.66
90.42
92.3
92.3
93.65
93.8
93.93
93.95
93.42
94.19
93.95
93.62
92.7
93
95.5
95.81
95.5
94.7
95.45
96.75
96.6
96.98
95.61
96.85
96.12
96.93
97.45
97.55
98.39
97.82
97.35
97.42
94.65
93.6
93.21
94.85
94.61
94.15
93.8
93.6
93.48
95.8
95.1
95.3
97.3
97.86
98.8
99.9
99.5
99.22
99.55
99.1
99.9
98.65
98.3
97.99
98.45
98.8
101.1
99.5
100.49
100.58
100.3
98.99
98.04
96.49
97.5
99.1
94.5
94.48
93.7
91.95
91.8
92.1
93.35
93.65
93.3
94.3
94.62
94.35
95
95.48
94.69
95
94.63
94.67
95.45
96.3
96.46
95.8
96.45
92.7
95.6
95.68
95.3
92.8
92.1
92.82
90.8
88.73
90.51
93.69
94.8
95.4
96
96.8
95.8
97.03
97.1
97.41
98.55
97.65
98.07
98.55
99.09
99.56
97
98.2
98.4
96.87
96.4
96.28
94.55
96.5
97.65
98.86
97.62
97.25
96
93.05
93.88
95.13
93.82
94.13
94
95.71
96.3
96.73
98.5
99.59
98.57
96.55
96.1
95.87
94.35
94.46
95.15
96.25
97.49
97
97.95
97.51
97.56
97.99
97.16
97.9
98.7
99.09
99.46
99.61
98.7
98.5
98.7
99
99
99
99.53
99.99
98.62
98.29
97.5
96.57
95.95
96.42
96.7
96.6
97.5
97.41
96.1
94.38
94.41
93
92.41
93.6
92.31
94.26
92.62
92.6
91.68
93.45
93.84
94.4
92.96
93.06
93.8
92.58
92.46
90.01
89.83
89.6
90.15
89.15
89.26
90.49
89.43
90.96
91.95
91.05
92.1
92.8
93.16
95
93.81
95.8
96.77
96.18
95.06
95.3
95.59
96.11
97.04
98.45
98.4
97.73
98.1
97.83
97.37
97.12
97.28
97.68
97.85
97.43
96.48
96
94.39
94.54
93.2
93.97
93.39
93.9
93
91.86
89.25
88
86.73
86.15
83.75
84.8
84.77
81.65
82.88
84.12
83.2
85.72
85.07
86.9
86.45
85.75
86.97
87.33
87.65
89.9
89.4
88.06
88.8
89.7
88.12
88.68
88.91
88.3
87.93
88.4
89
91.07
91.27
91.24
93.57
94.25
95.13
96
96.1
95.38
94.6
93.77
93.85
93.23
94.41
93.95
93.35
93.08
93.98
91.8
89.35
91.05
91.55
93.6
92.75
93.7
94.31
94.2
93.99
93.69
91.3
91.14
92.3
94.44
93.2
92.55
93.05
92.68
94.42
95.6
96.73
97.8
98.24
99.5
101
102.95
100.02
95
94
92.95
94.5
95.89
95.35
95.9
95
93.92
94.88
93.2
94.2
95.52
94.75
95.3
96.7
96.66
98
97.5
98.5
98.48
98.78
99.55
98.68
97.8
98.11
99.35
99.26
99.42
99.05
101.91
101.92
103.1
105.98
104.2
104.75
100.92
100.98
100
100.85
99.95
99.8
100.3
101.02
100.55
100.9
100.65
101.99
101.21
101.3
103.2
102.7
102.6
102.92
101.21
98.9
100.3
100.4
99.7
98.43
99.48
101.26
100.99
97.15
97.13
98.48
96.3
96.7
95.4
97.01
96.39
95.95
94.55
96.3
95.81
96.38
97.7
97.79
98.19
98.1
97
98.12
97.12
95.83
96.21
96.06
97.1
96.4
95.7
94.35
93.55
95.3
95.3
94.19
92.5
92.8
92
93.92
93.4
96.32
96.4
95.55
94.95
95.25
91.85
91.2
91.65
90.64
91
89
88.1
88.35
89.9
92
93.7
93.4
93.97
95.3
95.2
96.09
95.19
94.42
94
92.8
91.2
92.4
92.73
96.15
97.34
98.01
98.56
100
99.6
99.2
100.56
97.95
95.55
96.32
95.96
95.25
94.65
92.3
90.16
88.24
85.91
86.2
87.13
88.71
88.53
88.45
86.55
87.44
88.39
86.1
86.54
87.3
86.98
86.44
85.8
85.15
85.45
85.6
85.15
81.8
82.5
80.56
80.55
79.15
80.1
79.04
79.25
79.55
79.2
79.7
82.15
82.73
85.05
85.35
85.97
85.95
85.11
83.95
84.67
83.99
84.03
83.91
84.8
87.52
90.1
89.44
89.18
90.75
91.11
91.4
92.44
92.2
92.3
92.65
93.82
92.35
91.91
91.44
94.1
92.98
92.55
94.2
94.55
95.64
96.22
95.98
94.37
95.87
96.99
96.75
98.4
96.95
96.09
90.83
92.86
93.18
91.05
89.95
89.98
87.83
87
88.6
88.31
89.7
89.13
88.65
87.64
89.65
88.9
90.67
89.95
86.2
86.11
85.8
83.35
84.19
83.35
83.8
82.5
84.49
81.1
81.8
82.35
80.7
82
84.43
86.38
90
88.51
86.4
87.76
87.6
85.48
84.57
85.2
84.81
82.26
81.84
82.55
79.9
80.67
82.65
82.36
84.75
84.54
84.72
86.5
85.35
83.2
84.35
86.25
85.58
87
87.3
87.85
89.76
89.14
88.94
89.11
86.76
88.88
90.91
90.39
91.6
90.95
92.45
91.95
92.8
92.24
91.23
91.79
92.95
93.3
91.14
91.5
89.1
89.87
88.04
89.26
89.71
89.83
92
92.9
92.4
92.87
95
96.11
96.13
96.18
95.27
94.65
95.35
93.98
91.6
91.3
90.37
91.11
91.69
92.62
93.02
94.35
93.95
93.05
93.52
93.1
93.52
92.82
94.06
93.32
94.85
97.08
97.45
98.2
98.1
96.63
96.83
96.41
95.4
95.7
97.12
96.2
95.2
92.95
91
90.15
91.86
91.7
92.27
95.06
95.85
96.17
97.33
90
87.71
89.5
90.9
92.63
