4.73814
4.73784
4.75698
4.77213
4.82371
4.81876
4.65395
4.72106
4.72106
4.72106
4.52965
4.69928
4.64629
4.64629
4.3636
4.55656
4.55656
4.55637
4.57797
4.63787
4.73648
4.73392
4.56343
4.54315
4.54315
4.54315
4.57793
4.73693
4.68755
4.66941
4.45272
4.60301
4.60301
4.64039
4.65841
4.67268
4.71122
4.66898
4.48548
4.57885
4.57885
4.49858
4.54241
4.70787
4.65553
4.63643
4.40544
4.54854
4.54854
4.58985
4.60956
4.63995
4.6865
4.69416
4.51406
4.62434
4.62434
4.62434
4.55446
4.71912
4.7538
4.74021
4.54379
4.6631
4.6631
4.69306
4.71051
4.73674
4.7728
4.7728
4.6129
4.67442
4.67442
4.67442
4.64557
4.8959
4.78637
4.73015
4.5781
4.69092
4.69092
4.6591
4.67576
4.68705
4.66674
4.66674
4.49096
4.69622
4.69622
4.69622
4.59325
4.76546
4.74348
4.68457
4.51849
4.64172
4.64172
4.80459
4.81966
4.83045
4.80737
4.80737
4.64645
4.78554
4.78554
4.78554
4.6164
4.81122
4.81091
4.75842
4.61336
4.72127
4.64663
4.68474
4.6538
4.66241
4.63779
4.63779
4.45926
4.61639
4.61169
4.61169
4.40081
4.56294
4.54197
4.46211
4.26069
4.41951
4.42582
4.47652
4.47147
4.4802
4.43597
4.43597
4.22557
4.32239
4.32239
4.32239
4.05864
4.21403
4.25601
4.16545
3.95642
4.12843
4.12843
4.1827
4.17982
4.1873
4.14461
4.14461
3.92939
4.03272
4.09065
4.09065
3.79899
3.89604
3.91791
3.7373
3.5955
3.77713
3.77713
3.85245
3.8491
3.84699
3.84699
3.99216
4.00876
3.91176
3.87951
3.87951
3.55339
3.46047
3.51447
3.26305
3.25875
3.39188
3.39188
3.47405
3.45209
3.60909
3.60909
3.6964
3.72384
3.72384
3.72944
3.72944
3.47236
3.45477
3.51171
3.48755
3.50742
3.80055
3.80055
3.85938
3.85598
3.86636
3.86636
3.86186
3.87577
3.69904
3.71347
3.71347
3.25015
3.37981
3.41318
3.40896
3.38924
3.51574
3.51574
3.53986
3.5298
3.50353
3.50353
3.49689
3.53985
2.85511
2.90086
2.90086
2.90187
3.08135
3.11205
3.20583
3.11512
3.20823
3.20823
3.26273
3.30365
3.50293
3.50293
3.49627
3.53952
2.85467
2.89962
2.89962
3.13114
3.3096
3.3096
3.14943
3.14205
3.2348
3.05815
3.09745
3.18021
3.1404
3.1404
3.13755
3.19954
2.89861
2.85219
2.75011
2.90429
3.05155
3.05155
2.87432
2.87432
2.94559
2.94559
2.88734
2.99751
3.21237
3.21237
3.20937
3.23981
3.0435
3.01998
3.01998
3.05794
2.8968
2.92369
2.92429
2.92429
2.77809
2.77809
2.73644
2.83773
3.05031
3.05031
3.04815
3.0764
2.90628
2.88188
2.46798
2.55707
2.74261
2.74261
2.64541
2.64541
2.66423
2.629
2.59436
2.70115
2.98957
2.98957
2.98766
3.01395
2.85595
2.83187
2.45318
2.53848
2.70182
2.70182
2.71452
2.71452
2.60622
2.57769
2.70325
2.79882
3.0477
3.0477
3.04557
2.93756
2.79415
2.78358
2.44283
2.52782
2.66549
2.66549
2.71843
2.71843
2.74044
2.74044
2.70211
2.80593
2.82718
2.82718
2.82543
2.82543
2.67171
2.64534
2.70302
2.73781
2.66343
2.66343
2.87729
2.87729
2.91894
2.91894
2.9119
2.98413
3.01822
3.01822
3.0158
3.0158
2.86902
2.84149
2.88151
2.91884
2.80693
2.80693
2.91184
2.91184
2.94873
2.94873
2.75634
2.83372
2.85346
2.85346
2.85165
2.85165
2.69851
2.60781
2.6679
2.70324
2.77797
2.77797
2.96783
2.96783
3.0142
3.0142
2.82427
2.89853
2.9182
2.9182
2.91624
2.91624
2.76046
2.67312
2.72734
2.70053
2.77459
2.78387
2.91126
2.91126
2.9509
2.9509
2.74765
2.7993
2.81866
2.81866
2.8169
2.8169
2.66234
2.56776
2.63247
2.63247
2.69092
2.70392
2.92996
2.87846
2.92303
2.87792
2.69316
2.74248
2.7619
2.7619
2.76024
2.76024
2.61531
2.5453
2.70944
2.70944
2.78965
2.79372
2.96354
2.96354
3.01087
3.01087
2.82433
2.78724
2.87307
2.87307
2.87117
2.87117
2.69323
2.64542
2.71923
2.60898
2.68289
2.69672
2.81139
2.81139
2.81139
2.81139
2.67761
2.56108
2.63602
2.65212
2.62882
2.62882
2.38776
2.31537
2.39552
2.41774
2.46301
2.48134
2.58124
2.58124
2.52605
2.54519
2.44597
2.39647
2.4582
2.47869
2.47869
2.47869
2.37701
2.41049
2.48052
2.4921
2.57742
2.58939
2.69994
2.69994
2.67371
2.67371
2.54753
2.49416
2.5546
2.57238
2.57238
2.57238
2.47926
2.41049
2.48052
2.4921
2.60977
2.62471
2.55942
2.55942
2.56646
2.56646
2.40011
2.3183
2.3694
2.38659
2.38659
2.38659
2.29697
2.23053
2.30133
2.31264
2.39905
2.41571
2.53888
2.53888
2.54152
2.54152
2.43342
2.30124
2.24109
2.26368
2.27494
2.27494
2.17341
2.12968
2.21025
2.22274
2.27342
2.29904
2.42218
2.42218
2.426
2.426
2.33476
2.24474
2.30175
2.32033
2.32033
2.32033
2.23047
2.16135
2.15665
2.16943
2.19678
2.2278
2.33709
2.33709
2.34403
2.34403
2.25707
2.14688
2.21549
2.28513
2.28513
2.28513
2.18739
2.12061
2.14581
2.15862
2.18158
2.2135
2.22693
2.1565
2.17798
2.17798
2.15119
2.07494
2.13667
2.16124
2.19137
2.19137
2.09444
2.03654
2.06039
2.07231
2.07851
2.11117
2.11117
2.03719
2.06844
2.06844
2.0512
1.98086
2.02811
2.05273
2.0649
2.0649
1.97283
1.92426
1.94543
1.9561
1.95026
1.98186
1.98186
1.90607
1.93079
1.93079
1.92407
1.97834
2.02891
2.05412
2.05412
2.05412
1.9597
1.98234
1.96031
1.98044
1.93439
1.96408
1.96408
1.89437
1.91684
1.91684
1.954
1.99208
2.29532
2.01716
2.01716
2.01716
1.92424
1.86399
1.86399
1.87982
1.85335
1.89541
1.89541
1.8255
1.8425
1.8425
1.8736
1.94635
2.37192
2.12206
2.12206
2.12206
1.99967
1.99967
1.99967
2.01249
1.90723
1.76979
1.76979
1.69729
1.71464
1.71464
1.74036
1.81867
2.02919
2.04844
2.04844
1.96093
1.86516
1.86516
1.86516
1.8785
1.83433
1.8409
1.8409
1.88777
1.90538
1.90538
1.94205
2.01498
2.37658
2.3966
2.39204
1.96863
1.86206
1.86206
1.86206
1.87614
1.8105
1.82823
1.82823
2.23819
2.24109
2.24109
1.92503
2.0296
2.33641
2.02239
1.98451
1.85089
1.79573
1.85903
1.85903
1.87308
1.8076
1.82426
1.82426
1.82933
1.85036
1.85036
1.9164
2.08922
2.40247
2.16106
2.11086
1.96022
1.96022
1.96022
1.96022
1.96033
1.91087
1.92433
1.92433
1.95626
1.95661
1.95661
1.9402
2.11156
2.41696
2.38358
2.18931
2.03526
2.03526
2.03526
2.03526
2.05274
2.07251
2.35672
2.35672
2.36546
2.37166
2.37166
2.35497
2.19808
2.45088
2.39473
2.35887
2.07502
2.07502
2.07502
2.07502
2.04177
2.02401
2.04538
2.04538
2.01715
1.93395
1.93395
1.99686
2.36855
2.47203
2.40144
2.38477
2.16062
2.16062
2.16062
2.16062
2.10218
2.35989
2.07833
2.07833
2.12829
2.13407
2.13407
2.16462
2.37754
2.44765
2.37509
2.38221
2.38219
2.38219
2.34374
2.34374
2.35935
2.34406
2.29314
2.29314
2.3415
2.31604
2.31604
2.3085
2.36974
2.41348
2.38787
2.3622
2.37637
2.34966
2.34966
2.34966
2.35706
2.24769
2.32816
2.32816
2.27302
2.28602
2.28602
2.26934
2.35898
2.44253
2.39808
2.35941
2.39964
2.39964
2.39964
2.39964
2.33383
2.38211
2.35352
2.31375
2.32429
2.3337
2.3883
2.28036
2.43604
2.45855
2.36295
2.36895
2.34257
2.34257
2.34257
2.34257
2.39985
2.4491
2.40997
2.40997
2.37821
2.38023
2.38023
2.38245
2.44261
2.3935
2.36611
2.36931
2.3774
2.3774
2.3774
2.3774
2.33103
2.42441
2.40169
2.39405
2.41471
2.4086
2.4086
2.43479
2.42184
2.49076
2.40719
2.4462
2.50641
2.50994
2.50994
2.43116
2.43184
2.45685
2.41705
2.41705
2.44909
2.44909
2.44909
2.45428
2.48813
2.42578
2.36218
2.40909
2.3954
2.39677
2.39677
2.41378
2.36254
2.42386
2.41874
2.41874
2.38509
2.38509
2.38509
2.39548
2.38727
2.3648
2.31273
2.3822
2.36609
2.37079
2.37079
2.30983
2.27244
2.34126
2.29521
2.29521
2.38422
2.38422
2.39485
2.4387
2.49598
2.43703
2.44929
2.53269
2.50632
2.51034
2.51034
2.44911
2.42388
2.51093
2.45913
2.45913
2.50415
2.4865
2.4865
2.52828
2.58571
2.53591
2.5527
2.58325
2.55704
2.56125
2.56125
2.49777
2.4719
2.55658
2.50337
2.39607
2.43196
2.42088
2.42088
2.46442
2.52379
2.51246
2.5288
2.63741
2.63741
2.64152
2.64152
2.5808
2.55839
2.6364
2.58603
2.49331
2.55722
2.56019
2.56019
2.57653
2.55602
2.49908
2.51539
2.62476
2.62476
2.62887
2.62887
2.55313
2.52985
2.60964
2.55878
2.48247
2.54529
2.5327
2.45121
2.47012
2.47012
2.40171
2.42661
2.54634
2.54634
2.55064
2.55064
2.47005
2.45839
2.54673
2.49231
2.41489
2.48006
2.44689
2.42911
2.44651
2.44651
2.37833
2.34857
2.4737
2.4737
2.47795
2.47795
2.3967
2.37096
2.48396
2.41777
2.34497
2.38903
2.37869
2.28997
2.30739
2.30739
2.22119
2.21538
2.35944
2.3582
2.36259
2.36259
2.27555
2.25097
2.36219
2.3154
2.23706
2.29412
2.28362
2.1871
2.2135
2.2135
2.11887
2.07707
2.26043
2.2589
2.26329
2.26329
2.20537
2.17795
2.29633
2.30704
2.23212
2.32549
2.31929
2.22635
2.2413
2.2413
2.18869
2.11887
2.28105
2.27981
2.28413
2.28413
2.35158
2.33234
2.3955
2.45787
2.38024
2.4753
2.40122
2.31503
2.34695
2.34695
2.42936
2.32213
2.44269
2.44452
2.4488
2.43257
2.34358
2.29471
2.29252
2.36408
2.30731
2.40016
2.30993
2.20099
2.23779
2.23779
2.32929
2.20937
2.35206
2.35468
2.37538
2.34078
2.24619
2.21728
2.21728
2.26971
2.19746
2.28909
2.24992
2.1332
2.1683
2.1683
2.25848
2.1404
2.28931
2.29295
2.32049
2.28202
2.1569
2.21864
2.21864
2.407
2.32897
2.42562
2.32785
2.21015
2.25128
2.25128
2.42193
2.30874
2.30874
2.25566
2.27351
2.22502
2.35466
2.36961
2.36961
2.50238
2.41939
2.52278
2.37262
2.22711
2.26865
2.26865
2.54234
2.39963
2.39963
2.54827
2.59802
2.54942
2.52393
2.54535
2.54535
2.69386
2.4321
2.45805
2.27291
2.07023
2.07023
2.07023
2.37208
2.22643
2.22643
2.38228
2.45974
2.36865
2.3793
2.38922
2.55708
2.70259
2.43898
2.36309
2.20257
2.02812
2.02812
2.02812
2.27885
2.1634
2.27704
2.39562
2.44081
2.55576
2.53141
2.53112
2.53112
2.63759
2.38897
2.31981
2.19878
2.03444
2.03444
1.97087
2.18959
2.0883
2.23643
2.4497
2.37625
2.33292
2.39406
2.38828
2.45117
2.67075
2.41366
2.34091
2.20204
2.0296
2.0296
1.97225
2.19278
2.09518
2.35308
2.52442
2.44293
2.5028
2.48623
2.49418
2.49418
2.61153
2.43727
2.36416
2.22073
2.04098
2.04098
1.96296
2.17584
2.14154
2.43203
2.62973
2.6711
2.61594
2.58558
2.59703
2.59703
2.76503
2.5795
2.58409
2.33338
2.11778
2.11778
2.06805
2.31818
2.21907
2.54849
2.77033
2.8314
2.7594
2.75351
2.72751
2.72751
2.9044
2.71139
2.75434
2.45918
2.45918
2.45918
2.37882
2.72706
2.57131
2.93256
3.20687
3.28276
3.23258
3.01492
2.93494
2.93494
3.12152
2.89885
2.96188
2.66333
2.66333
2.66333
2.55497
3.06494
2.80507
3.30918
3.69466
3.76263
3.73587
3.29513
3.10999
3.10999
3.36811
3.10568
3.19939
2.48059
2.48059
2.48059
2.39081
2.86335
2.6583
3.06188
3.58331
3.7446
3.74591
3.33742
3.15786
3.15786
3.17906
2.87458
3.02384
3.02233
3.02233
3.02233
2.80631
3.73898
3.46506
3.68467
4.21341
4.31846
4.40499
3.84992
3.78141
3.78141
3.80383
3.41219
3.75152
3.75482
4.08938
4.08938
4.02586
4.43879
4.3455
4.39255
4.50958
4.55939
4.62508
4.09874
4.02532
4.02532
3.77408
3.38207
3.7041
3.70757
4.04987
3.75697
3.11673
4.345
4.49761
4.51929
4.8188
4.85381
4.89895
4.38655
4.38393
4.38393
4.17364
3.79587
4.40766
4.40932
4.6591
4.6591
4.99658
5.1653
5.1654
5.16154
5.16044
5.1533
5.16772
4.77026
4.77673
4.77673
4.70787
4.35364
4.93421
4.93596
5.34833
5.34833
5.32816
5.54091
5.64889
5.59889
5.61795
5.6056
5.62917
5.24583
5.29324
5.29324
5.26076
4.89886
5.54021
5.00109
5.39713
5.39713
5.37788
5.26474
5.40539
5.23342
5.54579
5.57531
5.60002
5.27376
5.32038
5.32038
5.29053
4.92632
5.57399
5.02778
5.63431
5.67115
5.94051
6.01966
6.23422
6.0924
6.10266
6.09386
6.10334
5.67791
5.73365
5.73365
5.06582
5.06582
5.80436
5.19372
5.90669
5.94937
5.93796
6.24801
6.45014
6.34877
6.32795
6.33293
6.26543
6.01251
6.08476
6.08476
5.63838
5.76812
6.25367
5.68732
6.25476
6.2923
6.23683
6.25775
6.41264
6.38289
6.3482
6.3538
6.28316
6.04607
6.11192
6.11192
5.68022
5.83897
6.30558
5.74559
6.30885
6.34563
6.34563
6.23013
6.40017
6.40017
6.23165
6.24314
6.15953
5.90047
6.08914
6.08914
5.65489
5.80929
6.27997
5.7212
6.28815
6.32501
6.32501
6.20584
6.44444
6.44444
6.44444
6.48772
6.31805
6.24823
6.30834
6.30834
5.96784
6.05366
6.06265
5.53261
6.11134
6.1478
6.00497
5.99508
6.20259
6.20259
6.20259
6.25187
6.05224
5.85664
5.90457
5.90457
5.51394
5.42846
5.46902
5.01046
5.60083
5.63529
5.69811
5.54853
5.72486
5.72486
5.72486
5.77966
5.58792
5.40039
5.61657
5.61657
5.1936
5.24467
5.27915
4.8738
5.41444
5.4454
5.43549
5.27394
5.39014
5.39014
5.39014
5.44801
5.46314
5.09397
5.53948
5.53948
5.11521
5.17244
5.20799
4.81544
5.34447
5.37447
5.36474
5.21143
5.45761
5.45761
5.70462
5.75609
5.5692
5.5692
5.52152
5.52152
5.53265
5.23294
4.91181
4.42939
5.27962
5.31337
5.30177
5.34199
5.72325
5.72325
5.72325
5.65759
5.66425
5.66425
5.56673
5.56673
6.21211
5.85252
5.45633
4.86048
5.51571
5.50851
5.4846
5.53006
5.91997
5.91997
5.91997
5.82673
5.83463
5.83463
5.72013
5.72013
6.49764
6.0891
5.6219
4.94486
5.79141
5.64691
5.62131
5.67499
5.98425
5.98425
5.98425
5.90022
5.95855
5.95855
5.97095
5.97095
6.75248
5.97448
5.93421
5.40206
5.80287
5.65719
5.51291
5.56008
5.89448
5.89448
6.66207
6.70945
6.72761
6.72761
6.7897
6.7897
6.44337
6.431
6.38866
5.78459
6.18836
5.89172
5.68788
5.57899
5.80076
5.80076
6.38859
6.43042
6.39514
6.38755
6.41206
6.38828
6.09377
5.87853
5.66499
5.12502
5.56405
5.41584
5.31353
5.35804
5.67121
5.67121
5.98549
6.02803
5.9948
5.98793
6.00781
5.98621
5.68111
5.33652
5.38388
5.38388
5.37571
5.24131
5.13529
5.13529
5.33162
5.33162
5.85304
5.92099
5.91872
5.9119
5.93093
5.9095
5.40037
5.16901
5.17207
5.17207
5.19509
5.08253
5.00018
5.00018
5.2608
5.03726
5.45062
5.49079
5.63374
5.62906
5.64575
5.63091
5.59825
5.18293
5.18558
5.18558
5.20835
4.97045
4.96987
4.96987
5.14329
5.14329
5.51354
5.52528
5.53076
5.52573
5.54173
5.52578
5.48799
5.27126
5.28275
5.30982
5.57394
5.21539
5.19849
5.17907
5.41562
5.18328
5.62697
5.61703
5.62498
5.62034
5.63686
5.62215
5.58983
5.39536
5.41321
5.33614
5.37892
5.12508
5.11523
5.11523
5.22945
5.59221
5.4553
5.42567
5.45095
5.44902
5.46642
5.4611
5.69509
5.51194
5.51421
5.43854
5.49282
5.22348
5.20828
5.20828
5.32695
5.67284
5.72177
5.69418
5.70341
5.73576
5.75312
5.73927
5.71124
5.53094
5.59115
5.51943
5.5926
5.31657
5.31158
5.51081
5.67043
5.57534
5.62494
5.5967
5.63755
5.68096
5.70166
5.70104
5.74275
5.7843
5.8283
5.77396
5.97092
5.62013
5.60947
5.42561
5.545
5.52042
5.57153
5.54279
5.57757
5.57749
5.57766
5.57202
5.58955
5.61287
5.70872
5.59013
5.85176
5.51072
5.50033
5.37024
5.46732
5.36289
5.41667
5.38731
5.42014
5.41999
5.4151
5.40817
5.42271
5.44929
5.50231
5.51701
5.66721
5.34524
5.33638
5.11277
5.07477
5.02988
5.08356
5.05406
5.07333
5.07335
5.14554
5.13929
5.13736
5.17198
5.1188
4.92133
5.00826
4.86583
4.85896
4.91097
4.83113
4.75813
4.80975
4.78149
4.80383
4.80357
4.78973
4.78559
4.7827
4.95808
4.93673
4.88886
4.9554
4.84414
4.82766
4.81328
4.74489
4.67978
4.72218
4.83569
4.85857
4.70897
4.70676
4.71483
4.72282
4.7292
4.69234
4.69566
4.79568
4.72607
4.747
4.73457
4.70514
4.63768
4.68054
4.79673
4.81974
4.6719
4.66718
4.66643
4.67006
4.68765
4.65231
4.64258
4.74602
4.67714
4.72447
4.60731
4.57065
4.49435
4.68856
4.80455
4.82984
4.68024
4.68326
4.68763
4.69222
4.69542
4.70761
4.60277
4.67581
4.5958
4.64574
4.54188
4.53996
4.55949
4.83058
4.92721
4.91472
4.73927
4.72895
4.72774
4.72597
4.72597
4.73784
4.6933
4.7937
4.73123
4.76951
4.69117
4.69365
4.79532
4.84181
4.92304
4.93743
4.7619
4.69343
4.69952
4.69672
4.67404
4.68548
4.64996
4.71225
4.60136
4.64814
4.53003
4.52366
4.51124
4.76361
4.79012
4.81612
4.64048
4.55707
4.52393
4.52385
4.52385
4.50765
4.50335
4.58045
4.58066
4.40979
4.22501
4.1889
4.11659
4.34271
4.45732
4.45663
4.30982
4.20963
4.14224
4.14478
4.14478
4.08641
4.17554
4.2756
4.2737
4.2737
4.04251
3.98884
3.89896
4.18624
4.35727
4.62522
4.47916
4.3908
4.34107
4.34246
4.4033
4.3753
4.28179
4.39015
4.39018
4.64561
4.49913
4.48374
4.62199
4.76516
4.98311
4.98388
4.79689
4.83467
4.85875
4.73312
4.73312
4.65445
4.54058
4.63299
4.63361
4.9406
4.56647
4.56159
4.73566
4.26783
4.46762
4.46674
4.30606
4.18863
4.10316
4.10445
4.10445
3.9577
4.11126
4.2203
4.21948
4.48835
4.12414
4.07464
4.56752
4.50709
4.80375
4.88312
4.53776
4.36107
4.26158
4.2568
4.2568
4.13444
4.25558
4.39799
4.39852
4.69901
4.49654
4.4868
4.53975
4.47331
4.84074
4.84074
4.49182
4.33211
4.22581
4.26313
4.26313
4.14348
4.22388
4.37974
4.37993
4.83573
4.47718
4.51779
4.56789
4.50553
4.87025
4.87025
4.52551
4.51425
4.46201
4.48267
4.465
4.43585
4.39751
4.51369
4.51419
4.77901
4.59735
4.54553
4.59819
4.53427
4.85276
4.85276
4.59377
4.44688
4.68255
4.59536
4.59739
4.64491
4.42709
4.54354
4.5438
4.77701
4.59182
4.44874
4.50825
4.4317
4.6918
4.6918
4.4855
4.28704
4.25701
4.16452
4.09705
4.20741
4.25829
4.40868
4.40925
4.72073
4.51023
4.72401
4.62069
4.6683
4.64417
4.64417
3.89887
3.65814
3.3661
3.34953
3.34653
3.42478
3.77518
3.95153
3.95079
4.32011
4.0909
3.99498
4.00006
3.87114
3.84537
3.84537
4.13981
3.94127
3.84544
3.33514
3.33381
3.4089
3.74149
3.90747
3.90651
4.27189
4.11215
4.03029
4.03664
3.9299
3.91519
3.91519
3.84886
3.65573
3.55602
3.54509
3.52959
3.60833
3.85748
3.99965
3.99965
4.31712
4.17057
4.03412
4.21235
4.11184
4.15343
4.15343
4.18156
4.0066
3.92472
3.91344
3.8903
3.96633
3.98222
3.98222
4.08027
4.38439
4.2362
4.18419
4.09521
4.00723
4.04091
4.04091
4.07532
3.82348
3.72821
3.73282
3.71739
3.78932
3.93822
3.80172
3.80172
4.11648
4.00402
3.92585
3.76719
3.67028
3.61309
3.60246
3.63157
3.63157
3.71681
3.83831
3.82493
4.08294
4.15822
4.06163
4.06163
4.34026
4.21046
4.15951
4.0689
4.01028
4.03815
4.07144
4.11588
4.11588
4.16427
4.8824
4.47358
4.50058
4.44777
4.37752
4.37752
4.97571
4.45107
4.88275
4.43634
4.97182
4.181
4.85115
4.85115
4.85115
4.89783
4.50297
4.41238
4.4398
4.40661
4.33478
4.33478
4.34894
4.16701
4.41341
4.25378
4.30964
3.99788
4.20637
4.20637
4.2431
4.32249
4.26124
4.22021
4.36994
4.36175
4.30435
4.30435
4.28964
4.18148
4.18992
4.10122
4.12922
3.87433
3.96718
3.96718
4.03589
4.24824
4.22086
4.19162
4.32734
4.36709
4.31009
4.31009
4.2965
4.3078
4.33806
4.15092
4.28924
4.00457
4.17983
4.17983
4.21473
4.26275
4.19014
4.15863
4.31482
4.14652
4.07442
4.07442
4.16808
4.19347
4.16678
4.04229
4.15275
3.90164
4.04365
4.04365
4.08047
4.1058
4.07916
4.03123
4.33413
4.36274
4.31209
4.31209
4.31209
4.31313
4.32047
4.20868
4.31035
4.09581
4.07918
4.07918
4.3411
4.3633
4.39694
4.38122
4.47322
4.50709
4.40565
4.40565
4.40642
4.39548
4.49227
4.20125
4.31858
4.16963
4.33203
4.33203
4.48313
4.60466
4.52972
4.52972
4.65582
4.71009
4.57569
4.57569
4.57569
4.53662
4.56231
4.46263
4.69527
4.47248
4.67348
4.67348
4.81328
4.81328
4.90467
4.90467
5.03924
5.09483
4.70634
4.70634
4.70634
4.89734
5.26846
4.93944
5.06117
4.85194
5.0701
5.0701
5.21128
5.21128
5.30625
5.27046
5.39995
5.45113
5.31269
5.31269
5.31269
5.25619
5.13086
5.03699
4.94948
5.00268
5.21052
5.21052
5.04056
5.04056
5.18392
5.1608
5.33683
5.19091
5.60412
5.60412
5.60412
5.4678
5.3231
5.22468
5.13549
5.19953
5.53675
5.6154
5.45881
5.45881
5.60886
5.57626
5.62009
5.35011
5.75564
5.75564
5.75564
5.75564
5.59367
5.50589
5.44854
5.28277
5.60395
5.69366
5.7241
5.7241
5.82662
5.7889
5.47744
5.41824
5.80666
5.80666
5.80666
5.80666
5.64163
5.5552
5.35562
5.35071
5.5653
5.64795
5.61327
5.61327
5.74037
5.70101
5.80206
5.75403
5.73442
5.93452
5.93452
5.73912
5.56927
5.47486
5.29576
5.2479
5.47136
5.55517
5.49758
5.49758
5.65891
5.61335
5.74178
5.69147
5.66119
5.66119
5.66119
5.66119
5.49369
5.71717
5.68858
5.41453
5.45225
5.53535
5.46784
5.46784
5.63409
5.58904
5.72096
5.67111
5.64144
5.85354
5.80936
5.80936
5.63826
5.55324
5.31363
5.08345
5.57394
5.66639
5.59214
5.59214
5.76893
5.71774
5.84841
5.79275
5.76071
5.87173
5.76459
5.76459
5.5972
5.50154
5.34495
5.37864
5.56246
5.65033
5.74578
5.74578
5.86137
5.84352
5.82545
5.87283
5.83828
5.93819
5.84025
5.84025
5.66733
5.57836
5.42055
5.48173
5.73294
5.93199
6.05881
6.05881
6.14886
6.08905
6.08905
6.02828
5.98864
6.07065
5.96969
5.96969
5.78836
5.57346
5.41524
5.47632
5.6653
5.86358
5.94576
5.94576
6.04805
5.99051
5.99051
5.93176
5.89526
5.98782
5.87748
5.76435
5.92848
5.92848
5.78054
5.84999
6.0641
6.25342
6.3795
6.3795
6.36703
6.29997
6.21526
6.40014
6.32993
6.29865
6.31213
6.1483
5.93997
5.93997
5.7973
5.87378
5.94308
6.14479
6.27589
6.27589
6.26341
6.17713
6.06823
5.99449
5.95253
5.99576
6.02346
6.02346
5.73108
5.73108
5.57358
5.4211
5.75342
5.94963
5.91772
5.91772
6.09793
6.01812
5.98488
5.88669
5.96089
5.9853
6.08161
6.08161
5.77462
5.77462
5.65139
5.45656
5.6444
5.84712
5.85202
5.85202
5.85202
5.77325
5.62119
5.51287
5.73243
5.7455
5.86603
5.86603
5.4272
5.4272
5.28836
5.11409
5.2832
5.49892
5.41697
5.41697
5.41697
5.5046
5.25832
5.13483
5.13483
5.34874
5.52872
5.52872
5.19592
5.19592
5.0834
4.90999
4.97466
5.12437
4.98419
4.98419
4.98419
4.98487
4.443
4.45219
4.45219
4.62996
4.97109
4.95575
4.95575
4.95575
4.77499
4.73547
4.61953
4.94712
4.60281
4.60281
4.60281
4.60523
4.06248
4.05998
4.05998
4.21074
4.58841
4.56472
4.80716
4.55255
4.38638
4.37261
4.18544
4.28138
4.28321
4.28321
4.28321
4.28709
3.7941
3.75735
3.75735
3.82522
4.19083
4.14648
4.15712
4.60718
4.53695
4.61194
4.5302
4.58948
4.34143
4.34143
4.34143
4.34453
4.24713
4.08149
4.08149
4.01002
4.28273
4.2963
4.31179
4.34658
4.36785
4.45142
4.45142
4.45638
4.17069
4.14796
4.15648
4.13786
4.02284
3.99845
3.99845
3.92016
4.20888
4.22393
4.24092
4.2783
4.30184
4.38939
4.50814
4.46275
4.18489
4.18489
4.18489
4.18489
4.06928
4.29528
4.29528
4.04734
4.4852
4.49778
4.5128
4.58639
4.63654
4.71624
4.71624
4.65967
4.35346
4.24978
4.45507
4.45507
4.30821
4.28392
4.28392
4.25591
4.31271
4.324
4.33753
4.38679
4.28502
4.36915
4.36915
4.40815
4.10382
4.10382
4.08394
4.08394
3.94591
3.91971
3.91971
3.88912
4.14612
4.15799
4.18977
4.24993
4.14318
4.22123
4.22123
4.54216
4.2013
4.2013
4.18339
4.18339
4.03722
4.00988
4.00988
3.98717
4.21916
4.66519
4.67613
4.83323
4.7082
4.77502
4.77502
4.68601
4.27227
3.8495
3.81235
3.81235
3.72078
3.69039
3.69039
3.6545
3.945
4.42858
4.44785
4.59196
4.41125
4.52192
4.52192
4.44626
4.13643
3.74649
3.70761
3.70761
3.5578
3.5315
3.5315
3.50042
3.74554
4.10931
4.15796
4.25952
4.13941
4.22275
4.22275
4.12804
3.83416
3.50501
3.4688
3.4688
3.81724
3.78819
3.78819
3.75374
4.0284
4.41849
4.4669
4.5401
4.43983
4.43983
4.49708
4.51413
4.20456
3.81352
3.77361
3.77361
3.89698
3.86759
3.86759
3.83277
3.97034
4.11326
4.23384
4.22989
4.11966
4.26491
4.40477
4.31419
3.98748
3.63168
3.59148
3.59148
3.71383
3.68623
3.68623
3.5437
3.68164
3.89927
4.00853
4.06195
3.98445
3.98445
4.12078
3.97674
3.97042
3.58411
3.53982
3.53982
3.91199
3.88065
3.88065
3.71683
3.87502
4.13936
4.22488
4.33749
4.23366
4.23366
4.45017
4.32226
4.32226
3.86893
3.82892
3.74762
3.78548
3.74956
3.74956
3.60823
3.78513
4.00346
4.12233
4.23166
4.12493
4.12493
4.48157
4.36295
4.36295
3.91224
3.87387
3.7966
3.8328
3.79723
3.79723
3.65577
3.97914
4.22502
4.24386
4.25351
4.1243
4.1243
4.36314
4.24796
4.24796
3.71327
3.66041
3.54363
3.595
3.55061
3.82819
3.6865
4.00676
4.2548
4.30479
4.31582
4.18487
4.18487
4.4178
4.32206
4.31388
3.80727
3.76022
3.66056
3.70716
3.70716
3.70716
3.54477
3.91823
4.18236
4.66917
4.55906
4.18143
4.18143
4.5177
4.66289
4.58413
4.19386
4.16351
4.11187
4.4696
4.23288
4.23288
4.0972
4.35316
4.6148
4.5324
4.64999
4.53093
4.53093
4.78385
4.89047
4.83561
4.49989
4.48607
4.46695
4.71424
4.48635
4.48635
4.38405
4.47492
4.78682
4.58474
5.20528
5.12943
5.12943
5.28188
4.9155
4.84673
4.51057
4.495
4.47369
4.74137
5.01713
5.01713
4.96672
4.58672
4.85962
4.51435
4.78536
4.56532
4.69749
4.89581
4.89581
4.8859
4.35386
4.32336
4.13218
4.5337
5.12731
5.12731
5.04442
4.77426
5.034
4.69019
4.91391
4.92538
4.85982
5.11241
5.43068
5.38326
5.07613
5.07613
4.98417
5.2043
5.40789
5.40789
5.03003
4.75714
4.61271
4.43553
4.42816
4.42801
4.32008
5.20102
5.52317
5.47419
5.11954
5.11954
5.02639
5.24762
5.45803
5.45803
5.07836
5.26839
5.13369
4.73525
5.01859
5.03566
4.96037
4.8266
5.17275
5.09742
5.06675
5.06675
5.04376
5.16417
5.38805
5.38805
5.16093
5.09319
4.90588
4.79193
5.06166
5.07734
5.00967
4.8659
5.20692
5.13619
5.06524
5.06524
5.03936
5.2529
5.46558
5.46558
5.08838
5.25733
5.11316
4.83918
5.00958
5.02496
4.9521
4.38491
4.74417
4.67559
4.55958
4.55958
4.53234
4.73077
4.92195
4.92195
4.39214
4.51561
4.3205
4.3205
4.44971
4.61208
4.56788
4.33259
4.76791
4.69408
4.58521
4.58521
4.56515
4.7509
4.93511
5.04455
4.65644
4.73807
4.81527
4.83002
4.87329
4.87735
4.8329
4.55552
5.13712
5.07382
4.99424
4.99424
4.9603
5.14272
5.36253
5.44045
5.19897
5.16438
5.21421
5.21421
5.32594
5.33066
5.30346
4.563
4.93607
4.87014
4.77672
4.77672
4.5474
4.75419
4.95126
5.06894
4.7665
4.75695
4.80519
4.80519
4.9471
4.88495
4.85934
4.47639
4.92361
4.91032
4.86725
4.77294
4.50563
4.96013
5.17081
5.2756
5.09028
5.05299
5.10359
5.10359
5.19985
5.16255
5.13323
5.06806
5.38833
5.38135
5.35507
5.35507
5.32251
5.43416
5.69041
5.73539
5.5643
5.54579
5.59277
5.59277
5.76524
5.73957
5.53521
5.43783
5.54422
5.5506
5.61204
5.61204
5.3714
5.63792
5.87581
5.9089
5.75897
5.75486
5.79203
5.79203
5.92231
5.90097
5.72315
5.48607
5.60987
5.64821
5.96841
5.96841
5.83937
5.52118
5.73728
5.58229
5.36911
5.37325
5.42574
5.70949
5.84519
5.82177
5.84282
5.66507
5.76293
5.8088
5.82962
5.82962
5.54808
5.93857
6.1939
6.20806
6.32693
6.38586
6.41109
6.41109
6.53617
6.53007
6.36845
6.05551
6.16764
6.22053
6.25452
5.76591
5.45947
5.88621
5.80062
5.93405
5.9175
6.50692
6.53036
6.53036
6.67147
6.66962
6.50572
6.16254
6.25533
6.31407
6.36198
6.28629
6.05332
6.36646
6.36646
6.36637
6.53505
6.90653
6.91927
6.91927
6.53355
6.57743
6.42918
5.9521
5.64476
5.88115
5.80658
5.75983
5.48998
5.85615
5.85615
5.87794
5.97327
6.3669
6.3859
6.3859
6.17442
6.20444
6.076
5.72798
5.76837
5.82249
5.85936
5.80899
5.66996
5.98925
6.12633
6.14332
6.35964
6.37607
6.2475
6.2475
5.87372
5.91722
5.76284
5.40843
5.83915
5.90209
5.96635
5.90457
5.745
6.1267
6.27897
6.28141
6.52935
6.48506
6.89217
6.89217
6.52126
6.56858
6.41474
6.47457
6.39435
6.44728
6.4569
6.1423
6.00036
6.31576
6.36699
6.39332
6.60325
6.65162
7.03414
7.03414
6.81926
6.84936
6.72758
6.78044
6.73296
6.77499
6.80067
6.48684
6.40448
6.59008
6.69376
6.64388
6.84055
6.88685
7.23861
7.23861
6.94614
7.0382
6.9321
6.84312
6.84312
6.88667
7.35463
7.01555
6.98786
7.0877
7.18625
7.18082
7.37743
7.42759
7.77999
7.77999
7.6911
7.77473
7.68215
7.60514
7.60514
7.35628
7.34978
7.00974
6.98152
7.07931
7.44679
7.44164
7.6265
7.67609
7.77367
7.77367
7.68413
7.76828
7.67536
7.59763
7.45318
7.84088
7.91781
7.53183
7.53482
7.57734
7.64617
7.64074
7.8344
7.88892
8.24964
8.39751
8.36316
8.41811
8.35692
8.31018
8.35416
8.31514
8.36643
8.01693
8.01693
7.8131
7.46511
7.4516
7.78571
7.86473
8.30725
8.54229
8.68833
8.6873
8.6766
8.83706
8.83706
8.78513
8.81912
8.47849
8.47849
8.3223
8.1027
8.09447
8.31036
8.08216
8.47104
8.65071
8.81959
8.87906
8.24584
8.30034
8.30034
8.23823
8.28216
7.90293
7.90293
7.76464
7.70963
7.70194
8.15773
8.11712
8.43885
8.56878
8.51991
8.41219
8.3703
8.32383
8.32383
8.25735
8.30131
7.92752
7.92752
7.78928
7.72874
7.72136
8.17636
8.07824
8.4053
8.56937
8.33424
8.26997
8.26997
8.26997
8.26997
8.20165
8.20165
8.34268
8.34268
8.34268
8.2854
8.27834
8.56802
8.35671
8.70597
8.26419
8.51671
8.82322
8.82322
8.82322
8.82322
8.75848
8.75848
7.97075
7.97075
8.64062
8.5433
8.53527
8.91
8.76876
9.15433
8.60847
8.95276
9.31525
9.31525
9.67902
9.67902
9.61177
9.61177
8.96352
8.96352
8.96352
8.81907
8.81038
8.69322
8.57071
8.97376
8.31514
8.69565
9.08655
9.37832
9.74444
9.74444
9.67957
9.67957
9.28601
9.28601
9.28601
9.16376
9.15685
8.78608
8.65103
9.07478
8.3433
8.76371
9.35222
9.35222
9.71103
9.71103
9.6404
9.6404
9.21467
9.50266
9.61834
9.60489
9.601
9.18951
9.03258
9.33361
8.91848
9.21178
9.6384
9.6384
10.0088
10.0088
9.9554
9.9554
9.65483
9.65483
9.78967
9.7786
9.77543
9.35672
9.19485
9.19485
8.68443
9.00925
9.48244
9.48244
9.81224
9.81224
10.0074
10.0074
9.32559
9.32559
9.32559
9.27971
9.30171
8.94744
8.80138
8.80138
8.32913
8.61787
9.06626
9.06626
9.32274
9.32274
9.29764
9.29764
9.29764
9.5935
9.5935
9.57508
9.57172
9.19017
9.03526
9.03526
8.718
8.95293
9.32698
9.1052
9.37743
9.56729
9.73395
9.73395
9.63215
9.57786
9.57786
9.57786
9.57786
9.19782
9.04312
9.04312
8.7296
8.37879
8.76254
9.19316
9.44499
9.44499
9.63002
