4.871242
4.871242
4.88985
4.905372
4.949356
4.944983
4.781487
4.845011
4.845011
4.845011
4.634869
4.816688
4.765013
4.765013
4.487295
4.674984
4.674984
4.703168
4.724088
4.740693
4.818012
4.814243
4.634292
4.651811
4.651811
4.651811
4.667474
4.840213
4.790719
4.801598
4.553165
4.715155
4.715155
4.737152
4.757105
4.77268
4.851518
4.811061
4.630805
4.646025
4.646025
4.646025
4.662719
4.836433
4.78668
4.766182
4.533974
4.679457
4.679457
4.71444
4.7349
4.745234
4.82785
4.834693
4.659898
4.597817
4.597817
4.597817
4.681686
4.848594
4.800371
4.785271
4.562897
4.698695
4.698695
4.73058
4.750058
4.778064
4.811183
4.811183
4.747218
4.638007
4.638007
4.638007
4.77543
4.926885
4.798645
4.783773
4.56146
4.697424
4.697424
4.729348
4.748994
4.777037
4.810612
4.810612
4.635936
4.709186
4.709186
4.709186
4.675871
4.891791
4.863541
4.817559
4.636984
4.762371
4.762371
4.797094
4.814062
4.826038
4.800473
4.800473
4.620484
4.775634
4.775634
4.775634
4.582743
4.913884
4.885596
4.840795
4.661752
4.78535
4.78535
4.819111
4.787549
4.799546
4.774389
4.774389
4.593217
4.748605
4.748605
4.748605
4.552781
4.732916
4.707324
4.640442
4.440292
4.589419
4.589419
4.634217
4.630101
4.640189
4.592251
4.592251
4.385798
4.475033
4.475033
4.475033
4.229307
4.402933
4.405166
4.331041
4.123173
4.282076
4.282076
4.330936
4.327342
4.336476
4.289643
4.289643
4.080748
4.174716
4.174716
4.174716
3.919206
4.070737
4.085733
3.952555
3.768143
3.947721
3.947721
4.015576
4.011743
4.015077
4.015077
4.015077
4.034579
4.034579
4.039842
4.039842
3.738704
3.672283
3.705399
3.478811
3.412357
3.57331
3.57331
3.651338
3.650284
3.635648
3.635648
3.635648
3.674166
3.674166
3.684098
3.684098
3.381678
3.241018
3.308547
3.305691
3.390497
3.75746
3.75746
3.82132
3.815362
3.841456
3.841456
3.85624
3.8729
3.8729
3.879554
3.879554
3.470081
3.372365
3.4395
3.392965
3.471873
3.62256
3.62256
3.708401
3.699528
3.68514
3.68514
3.67922
3.7041
3.385525
3.426616
3.426616
3.086778
2.824132
2.909483
2.974266
3.060022
3.207733
3.207733
3.308976
3.308037
3.257743
3.257743
3.252757
3.328316
2.700011
2.696416
2.696416
2.934285
3.102324
3.102324
3.220496
3.042247
3.18776
3.18776
3.288199
3.285586
3.220115
3.220115
3.215744
3.311943
2.698312
2.693099
2.693099
2.921302
3.103187
3.103187
2.886339
2.886339
2.978465
2.978465
2.897661
3.044219
2.917006
2.917006
2.916635
2.99622
2.641266
2.632982
2.632982
2.793102
2.960123
2.960123
2.770565
2.770565
2.824695
2.824695
2.77264
2.893773
3.125228
3.125228
3.122567
3.155244
2.956149
2.929428
2.546131
2.660939
2.813481
2.813481
2.727294
2.727294
2.751167
2.751167
2.707174
2.823284
2.987961
2.987961
2.985785
3.015581
2.841468
2.814638
2.415273
2.496323
2.674097
2.674097
2.687542
2.687542
2.709797
2.709797
2.669773
2.777898
3.01744
3.01744
3.015581
2.902326
2.751086
2.72606
2.393018
2.471242
2.605564
2.605564
2.651951
2.651951
2.672074
2.672074
2.634693
2.745029
2.950313
2.950313
2.948088
2.948088
2.789146
2.763719
2.404232
2.484813
2.731062
2.731062
2.823044
2.823044
2.853913
2.853913
2.811739
2.891662
2.916638
2.916638
2.914249
2.914249
2.737223
2.708576
2.767562
2.805165
2.702194
2.702194
2.804447
2.804447
2.834371
2.834371
2.808913
2.882652
2.905399
2.905399
2.903207
2.903207
2.728876
2.700543
2.758296
2.795699
2.89714
2.89714
3.03536
3.03536
3.084358
3.084358
2.870221
2.914185
2.93618
2.93618
2.934466
2.934466
2.759725
2.661346
2.724177
2.694798
2.773929
2.893556
3.03095
3.03095
3.079284
3.079284
2.865693
2.910661
2.93282
2.93282
2.930804
2.930804
2.756586
2.658227
2.721208
2.721208
2.80814
2.817666
2.979497
2.979497
3.031908
3.031908
2.828859
2.862625
2.884836
2.884836
2.882575
2.882575
2.704884
2.63104
2.698035
2.698035
2.782265
2.788082
2.983449
2.983449
3.040579
3.040579
2.816631
2.780311
2.923741
2.923741
2.921389
2.921389
2.739791
2.666944
2.730071
2.730071
2.824881
2.829047
2.895979
2.895979
2.895979
2.895979
2.720494
2.685828
2.766157
2.766157
2.735667
2.735667
2.482227
2.40885
2.485884
2.485884
2.563791
2.578115
2.697771
2.697771
2.666534
2.666534
2.535516
2.452919
2.518218
2.538941
2.538941
2.538941
2.431495
2.35335
2.437936
2.450959
2.528532
2.545973
2.667614
2.667614
2.627986
2.627986
2.496212
2.535258
2.599565
2.61791
2.61791
2.61791
2.518375
2.442293
2.518672
2.530924
2.677741
2.675146
2.617252
2.617252
2.599772
2.599772
2.478486
2.398734
2.448099
2.464269
2.464269
2.464269
2.377714
2.312757
2.38007
2.390649
2.473555
2.47857
2.616771
2.616771
2.607761
2.607761
2.4863
2.383813
2.336277
2.356296
2.356296
2.356296
2.252423
2.175747
2.260926
2.273772
2.353638
2.376339
2.517338
2.517338
2.520597
2.520597
2.40426
2.283074
2.35208
2.370627
2.370627
2.370627
2.270288
2.192868
2.184591
2.19853
2.239125
2.273026
2.414378
2.414378
2.419089
2.419089
2.337242
2.220025
2.291955
2.313256
2.313256
2.313256
2.20469
2.128429
2.156845
2.171182
2.196524
2.23407
2.250078
2.273145
2.285249
2.285249
2.238265
2.140405
2.205603
2.229275
2.229275
2.229275
2.122927
2.057076
2.082554
2.095766
2.10548
2.142555
2.142555
2.057372
2.150892
2.150892
2.122299
2.039372
2.094847
2.118839
2.118839
2.118839
2.021026
1.96635
1.986435
1.998067
2.001319
2.035072
2.035072
1.954238
2.007833
2.007833
1.991011
1.949995
2.014115
2.048457
2.048457
2.048457
1.971478
1.915588
1.915588
1.930562
1.87756
1.908365
1.908365
1.83274
1.856379
1.856379
1.88309
1.930308
2.081259
2.082074
2.082074
2.082074
1.989561
1.916675
1.916675
1.933731
1.879592
1.909077
1.909077
1.8444
1.8653
1.8653
1.899508
1.94792
2.126561
1.964252
1.964252
1.964252
1.876561
1.876561
1.876561
1.895747
1.905896
1.82677
1.82677
1.755227
1.772404
1.772404
1.800246
1.876475
2.104084
2.023695
2.023695
1.926856
1.827909
1.827909
1.827909
1.841051
1.762261
1.766969
1.766969
1.805233
1.823066
1.823066
1.854945
1.931039
2.207176
2.083555
2.42481
2.025903
1.8971
1.8971
1.8971
1.914228
1.839481
1.859498
1.859498
1.922053
1.942699
1.942699
1.970946
2.059877
2.403961
2.08778
2.044832
1.906693
1.807965
1.807965
1.807965
1.820553
1.740382
1.755833
1.755833
1.749352
1.770486
1.770486
1.838084
2.039212
2.428682
2.13053
2.07464
1.915623
1.915623
1.915623
1.915623
1.931186
1.867256
1.882938
1.882938
1.906271
1.906149
1.906149
1.978037
2.396814
2.452176
2.366154
2.196372
1.989495
1.989495
1.989495
1.989495
1.969925
1.913404
1.930407
1.930407
2.014841
2.016497
2.016497
2.081855
2.077763
2.213433
2.36188
2.370397
1.990075
1.990075
1.990075
1.990075
1.97019
1.91433
1.931336
1.931336
2.021276
2.02328
2.02328
2.087727
2.369445
2.433544
2.363252
2.350383
2.071317
2.071317
2.071317
2.071317
2.027508
2.358771
2.354079
2.354079
2.364465
2.358639
2.358639
2.378015
2.441806
2.408548
2.39799
2.483402
2.418509
2.418509
2.418509
2.418509
2.409248
2.371669
2.327048
2.327048
2.390895
2.39756
2.39756
2.38079
2.428602
2.430321
2.355169
2.404193
2.326381
2.326381
2.326381
2.326381
2.40988
2.3321
2.15071
2.15071
2.322414
2.326356
2.326356
2.33558
2.385966
2.456929
2.413723
2.370097
2.366393
2.366393
2.366393
2.366393
2.191884
2.435439
2.35252
2.35252
2.148798
2.180175
2.180175
2.218038
2.361624
2.466465
2.381086
2.408444
2.361009
2.361009
2.361009
2.361009
2.332699
2.449709
2.341239
2.341239
2.434859
2.307317
2.307317
2.31895
2.347019
2.504357
2.541731
2.470702
2.330933
2.330933
2.330933
2.330933
2.373383
2.408363
2.455961
2.455961
2.35489
2.341472
2.341472
2.300781
2.516302
2.487012
2.464337
2.367925
2.44083
2.48658
2.48658
2.541378
2.512788
2.445058
2.539454
2.539454
2.516447
2.516447
2.516447
2.485908
2.476403
2.44916
2.469973
2.318959
2.475627
2.416474
2.416474
2.398876
2.333718
2.531162
2.354935
2.354935
2.510342
2.510342
2.510342
2.371752
2.49865
2.413851
2.428998
2.546651
2.490183
2.488795
2.488795
2.42977
2.411642
2.417912
2.392565
2.392565
2.32744
2.32744
2.32744
2.361702
2.410332
2.370464
2.387219
2.453984
2.435631
2.44034
2.44034
2.379514
2.323442
2.422607
2.368977
2.368977
2.403503
2.403503
2.403503
2.451594
2.513895
2.450076
2.462985
2.500586
2.471604
2.475724
2.475724
2.409352
2.381091
2.478928
2.422769
2.422769
2.465307
2.452783
2.452783
2.499914
2.56373
2.5012
2.518828
2.638016
2.638016
2.642508
2.642508
2.576414
2.551468
2.637303
2.582011
2.510277
2.581343
2.56718
2.56718
2.584978
2.562753
2.50027
2.518008
2.637242
2.637242
2.641604
2.641604
2.575247
2.550352
2.636472
2.581471
2.497657
2.567256
2.553406
2.553406
2.571408
2.571408
2.509512
2.526872
2.645442
2.645442
2.649977
2.649977
2.5677
2.558737
2.643909
2.589216
2.504997
2.564593
2.550512
2.468211
2.488014
2.488014
2.415398
2.380989
2.515736
2.515736
2.520614
2.520614
2.432138
2.479906
2.571235
2.515264
2.435499
2.488065
2.475293
2.388907
2.407701
2.407701
2.328419
2.321533
2.462118
2.462118
2.466794
2.466794
2.37712
2.35591
2.462484
2.401355
2.324007
2.385587
2.374489
2.275127
2.293906
2.293906
2.192666
2.185868
2.351805
2.350288
2.355164
2.355164
2.257809
2.228882
2.355359
2.364277
2.279141
2.384351
2.378618
2.279981
2.298821
2.298821
2.237908
2.237908
2.389839
2.388961
2.393682
2.393682
2.300779
2.275131
2.347338
2.415957
2.335669
2.434978
2.354923
2.254589
2.289448
2.289448
2.376906
2.380207
2.507803
2.509188
2.51399
2.51399
2.416827
2.396978
2.394745
2.463065
2.378669
2.482434
2.401719
2.302068
2.338681
2.338681
2.431905
2.309496
2.447832
2.449812
2.454521
2.422352
2.315009
2.290609
2.290609
2.381955
2.300409
2.401621
2.299878
2.16784
2.210391
2.210391
2.316627
2.176353
2.346126
2.349512
2.373427
2.333487
2.248315
2.259203
2.259203
2.359552
2.279904
2.379743
2.267758
2.128719
2.170245
2.170245
2.366089
2.244943
2.244943
2.3693
2.389189
2.349379
2.252883
2.264141
2.264141
2.365023
2.284821
2.385441
2.272217
2.132264
2.174153
2.174153
2.414373
2.284684
2.284684
2.419679
2.459136
2.405603
2.398012
2.414694
2.414694
2.554447
2.459321
2.577052
2.420055
2.244633
2.244633
2.244633
2.571774
2.400793
2.400793
2.578957
2.636439
2.579326
2.549089
2.5744
2.5744
2.741856
2.444494
2.360002
2.170936
1.973598
1.973598
1.973598
2.238218
2.120521
2.308878
2.449983
2.497288
2.439705
2.427526
2.426261
2.426261
2.548886
2.30456
2.230412
2.108873
1.940523
1.940523
1.971848
2.242348
2.113641
2.290438
2.428467
2.4629
2.414363
2.405934
2.413506
2.413506
2.526178
2.288522
2.215917
2.107719
1.9404
1.9404
1.888929
2.086758
2.001152
2.244996
2.446051
2.490813
2.435678
2.42293
2.431542
2.431542
2.572166
2.390456
2.309422
2.145449
1.957698
1.957698
1.91011
2.123175
2.034898
2.309087
2.495084
2.525187
2.470524
2.453651
2.463222
2.463222
2.60377
2.429098
2.444096
2.205659
1.99861
1.99861
1.952668
2.181132
2.090494
2.403374
2.62613
2.679191
2.609548
2.590836
2.597607
2.597607
2.801156
2.610517
2.642275
2.311744
2.311744
2.311744
2.240193
2.554032
2.417857
2.757701
3.006299
3.066686
3.010506
2.991729
2.880991
2.880991
3.116375
2.873648
2.929019
2.486993
2.486993
2.486993
2.397072
2.819874
2.623079
3.077002
3.423303
3.484353
3.440987
3.386583
3.391036
3.391036
3.617206
3.308522
3.475837
2.857569
2.857569
2.857569
2.655747
3.455539
2.979446
3.467752
3.929352
4.065407
4.061124
3.433652
3.219037
3.219037
3.246145
2.868503
2.877071
2.86672
2.86672
2.86672
2.692654
3.780654
3.380725
3.709379
4.0099
4.148402
4.250694
3.689838
3.580822
3.580822
3.602831
3.225059
3.438752
3.440805
3.801741
3.801741
3.533473
4.350037
4.190362
4.26424
4.442695
4.514912
4.595284
3.978508
3.919627
3.919627
3.943001
3.454206
3.941589
3.946291
4.348588
4.348588
4.309424
4.653577
4.654348
4.683764
4.758325
4.804636
4.85688
4.249938
4.254006
4.254006
4.015817
3.61816
4.24265
4.245581
4.777216
4.777216
4.760615
4.971653
4.971956
4.965213
4.963964
4.953798
4.975391
4.522421
4.605192
4.605192
4.554929
4.165802
4.87924
4.880511
5.247763
5.247763
5.239016
5.38834
5.397752
5.312362
5.340841
5.324506
5.361721
4.961592
5.006362
5.006362
4.948094
4.569074
5.194261
5.195521
5.60686
5.60686
5.58731
5.465783
5.637781
5.506587
5.532728
5.516129
5.549511
5.096131
5.178447
5.178447
5.120987
4.690919
5.43142
4.848645
5.537671
5.577712
5.557131
5.650394
5.841448
5.738215
5.758459
5.74611
5.77021
5.326201
5.377309
5.377309
5.560275
5.560275
6.221579
5.531071
6.230131
6.273585
6.28034
6.30601
6.53496
6.426334
6.402122
6.4085
6.333643
6.032384
6.121347
6.121347
5.583295
6.055498
6.549705
5.916133
6.499825
6.539278
6.487474
6.516844
6.751519
6.664296
6.64298
6.648596
6.586162
6.368504
6.379013
6.379013
5.954964
6.068833
6.560569
5.92941
6.519138
6.559603
6.559603
6.461324
6.663373
6.663373
6.507745
6.539369
6.469541
6.219036
6.261802
6.261802
5.788636
5.923613
6.449962
5.812501
6.42938
6.469524
6.469524
6.360408
6.61268
6.61268
6.61268
6.657551
6.490139
6.404096
6.450271
6.450271
6.083032
6.174477
6.244216
5.637558
6.26771
6.30809
6.30809
6.178579
6.41737
6.41737
6.41737
6.467941
6.277004
6.033842
6.058479
6.058479
5.639585
5.766826
5.787969
5.273414
5.8774
5.913868
5.902988
5.774197
5.976398
5.976398
5.976398
6.030343
5.844879
5.625204
5.768092
5.768092
5.308148
5.360253
5.395832
4.941795
5.53542
5.570193
5.5595
5.403965
5.650832
5.650832
5.650832
5.707811
5.50862
5.343248
5.496672
5.496672
5.011755
5.092125
5.134654
4.72416
5.290533
5.323073
5.312048
5.147844
5.571437
5.571437
5.571437
5.626976
5.440137
5.440137
5.391776
5.391776
5.363689
5.064917
4.732786
4.28036
5.127733
5.157668
5.137578
5.173463
5.51853
5.51853
5.51853
5.453903
5.459047
5.459047
5.365192
5.365192
5.850197
5.553678
5.197636
4.646999
5.282498
5.332936
5.309119
5.350378
5.74471
5.74471
5.74471
5.639412
5.64644
5.64644
5.528591
5.528591
6.267324
5.859439
5.386655
4.734249
5.587835
5.586252
5.557869
5.610692
6.094622
6.094622
6.094622
6.001451
6.012662
6.012662
6.025698
6.025698
6.906944
6.01065
5.9473
5.348523
5.813514
5.658394
5.627884
5.687078
6.110473
6.110473
6.110473
6.019264
6.029737
6.029737
6.043763
6.043763
6.700451
5.801708
5.759492
5.237299
5.655252
5.5151
5.376665
5.420182
5.651313
5.651313
6.277605
6.324195
6.284118
6.276223
6.302212
6.275718
5.933946
5.72233
5.667466
5.164164
5.558771
5.439012
5.297312
5.341
5.595164
5.595164
6.11513
6.161516
6.129637
6.122588
6.145246
6.123304
5.79087
5.420028
5.417605
5.417605
5.410282
5.264109
5.144903
5.144903
5.366598
5.366598
5.928664
5.975522
5.974537
5.96794
5.98929
5.965485
5.406064
5.149704
5.151055
5.151055
5.173443
5.090075
4.985375
4.985375
5.187575
5.187575
5.566247
5.609304
5.618374
5.613154
5.630747
5.61624
5.580247
5.118744
5.120653
5.120653
5.142534
4.8968
4.996851
4.996851
5.200565
5.200565
5.580624
5.623887
5.632875
5.629017
5.645759
5.630021
5.595342
5.375598
5.388295
5.388295
5.429653
5.152175
5.141976
5.141976
5.187488
5.187488
5.662509
5.651624
5.662547
5.657395
5.67545
5.659763
5.626949
5.415657
5.432918
5.533151
5.599726
5.309897
5.290871
5.290871
5.280509
5.280509
5.715559
5.686028
5.697282
5.69203
5.710943
5.695501
5.664752
5.460517
5.459078
5.372102
5.425205
5.140719
5.131193
5.131193
5.263798
5.640805
5.808707
5.77866
5.792015
5.787184
5.806567
5.791615
5.764614
5.571913
5.636855
5.556262
5.643976
5.333258
5.329399
5.329399
5.467623
5.790373
5.876136
5.846487
5.861545
5.856825
5.876865
5.863536
5.839661
5.736632
5.816256
5.750779
5.748142
5.448726
5.431524
5.686494
5.808066
5.708776
5.759024
5.729237
5.768704
5.769335
5.774929
5.769643
5.793259
5.81598
5.932651
5.69429
5.828081
5.51004
5.496914
5.629947
5.587468
5.477291
5.532924
5.50121
5.539023
5.539403
5.538941
5.532835
5.55191
5.578709
5.748911
5.466832
5.485304
5.206794
5.20516
5.359839
5.320718
5.195547
5.249084
5.217592
5.241709
5.241931
5.21908
5.213712
5.212082
5.249417
5.189735
4.993015
5.096434
4.943079
4.931269
4.967171
5.000452
4.929239
4.981321
4.953043
4.975885
4.975883
4.962367
4.95802
4.953903
4.968281
4.945094
4.80316
4.882377
4.762223
4.749365
4.737068
4.660902
4.584544
4.631313
4.759986
4.784954
4.862174
4.856406
4.854776
4.854276
4.867002
4.841562
4.775248
4.845001
4.754716
4.742143
4.727901
4.696092
4.621579
4.669037
4.795649
4.821003
4.660082
4.654934
4.653928
4.811256
4.824526
4.797834
4.724974
4.797225
4.704976
4.767138
4.747478
4.716101
4.643614
4.830367
4.941018
4.9624
4.822608
4.812017
4.810822
4.81146
4.755774
4.907239
4.707296
4.767893
4.694149
4.739839
4.65295
4.660046
4.666093
4.888063
5.08388
4.996695
4.775562
4.759461
4.758
4.754921
4.754921
4.900406
4.715871
4.776407
4.70364
4.748423
4.662623
4.670531
4.722911
4.874993
4.998063
4.972168
4.748196
4.786632
4.784286
4.781002
4.781002
4.945913
4.736148
4.794248
4.684635
4.730495
4.642359
4.64757
4.645515
4.865287
5.002527
4.861813
4.727445
4.644821
4.625059
4.622887
4.622887
4.641324
4.587685
4.665101
4.666167
4.496376
4.341232
4.317386
4.263068
4.474983
4.580712
4.579202
4.435069
4.338484
4.281754
4.283188
4.283188
4.237994
4.299717
4.395014
4.394919
4.394919
4.183936
4.140106
4.063157
4.327589
4.490862
4.489458
4.32428
4.21209
4.13718
4.139117
4.139117
4.077987
4.040237
4.166819
4.166544
4.467962
4.26529
4.229402
4.167485
4.425818
4.722771
4.750942
4.489338
4.370068
4.310045
4.309668
4.309668
4.276345
4.371118
4.507868
4.508971
4.934735
4.824372
4.769768
4.691825
4.356264
4.565849
4.566385
4.403411
4.2909
4.217918
4.218903
4.218903
4.164189
4.24783
4.351933
4.351607
4.607502
4.264732
4.223327
4.241326
4.172603
4.410357
4.409433
4.208477
4.043459
3.89017
3.892713
3.892713
3.145844
4.41607
4.556396
4.557377
4.983022
4.655708
4.666489
4.909309
4.872426
4.914604
4.914604
4.708021
4.567033
4.520477
4.510812
4.510812
4.735316
4.412509
4.553944
4.555088
5.032303
4.652451
4.668629
4.776129
4.813083
4.829631
4.829631
4.85429
4.565374
4.514477
4.745357
4.521851
4.722137
4.380094
4.528993
4.53007
4.939534
4.631558
4.849187
4.843623
4.791442
4.930732
4.930732
4.810388
4.845441
4.786848
4.828967
4.778293
4.844154
4.558741
4.672188
4.673312
4.964265
4.754355
4.796336
4.78841
4.779209
4.928053
4.928053
4.812646
4.764619
4.659275
4.713384
4.549387
4.593052
4.452122
4.589929
4.591274
4.873097
4.687863
4.679741
4.845397
4.770817
4.740945
4.740945
4.063453
3.758355
3.611643
3.595639
3.565956
3.679577
3.973474
4.143472
4.14276
4.502279
4.268083
4.207057
4.206405
4.094292
4.131405
4.131405
4.063577
3.762678
3.621709
3.168328
3.188985
3.254971
3.590548
3.763625
3.760832
4.243389
4.222946
4.151698
4.153728
4.037418
4.056134
4.056134
3.985893
3.705535
3.573899
3.5507
3.528651
3.633552
3.929524
4.095961
4.095961
4.456323
4.270111
4.219477
4.116782
3.970602
4.016598
4.016598
4.066892
3.826455
3.703833
3.691032
3.664455
3.765748
4.123387
4.123387
4.123387
4.483824
4.293604
4.247114
4.147662
4.003917
4.058241
4.058241
4.106569
3.774347
3.654026
3.652826
3.632915
3.725377
3.921331
3.949349
3.949349
4.297107
4.14102
4.070125
3.949371
3.801416
3.812102
3.812102
3.86267
3.86267
3.934156
3.933165
3.917185
3.981481
4.090078
3.970076
3.970076
4.300219
4.150589
4.090361
3.963386
3.899053
3.922571
4.160513
4.160513
4.160513
4.214942
4.17888
4.147101
4.190181
4.244046
4.150251
4.150251
4.437779
4.261458
4.309876
4.186057
4.260221
5.015065
4.970104
4.970104
4.970104
4.772974
4.798614
5.096523
5.037693
4.540707
4.500926
4.500926
4.551235
4.286234
4.429719
4.212243
4.269327
3.90283
4.156392
4.156392
4.204472
4.307969
4.22742
4.175384
4.373663
4.361629
4.297056
4.297056
4.281546
4.158152
4.17084
4.063474
4.088512
3.802511
3.987837
3.987837
4.040045
4.094662
4.077066
4.046169
4.199843
4.259194
4.184948
4.184948
4.157166
4.182129
4.193626
4.231916
4.399136
4.066527
4.259499
4.259499
4.292266
4.34028
4.310141
4.284897
4.425047
4.237232
4.170595
4.170595
4.140701
4.168814
4.141661
3.993392
4.115873
3.833498
3.999533
3.999533
4.042565
4.072991
4.157167
4.144177
4.293608
4.325719
4.267867
4.267867
4.267867
4.268095
4.278745
4.148179
4.257621
4.021811
4.195776
4.195776
4.226639
4.252004
4.294759
4.294759
4.379463
4.408815
4.357042
4.357042
4.357042
4.360963
4.363606
4.229388
4.353602
4.057408
4.241572
4.241572
4.243741
4.308761
4.33316
4.33316
4.455775
4.509308
4.372863
4.372863
4.372863
4.3607
4.64211
4.372039
4.493178
4.268159
4.459768
4.459768
4.6022
4.6022
4.691
4.691
4.825051
4.881694
4.746185
4.746185
4.746185
4.722356
5.053514
4.743884
4.872153
4.645195
4.863662
4.863662
5.014843
5.014843
5.112253
5.112253
5.250507
5.306783
5.151447
5.151447
5.151447
5.110175
5.170931
5.067024
4.969225
5.025251
5.257792
5.257792
5.066252
5.066252
5.23429
5.208179
5.290689
5.075485
5.468149
5.468149
5.468149
5.316894
5.177932
5.073621
4.977776
5.032248
5.381707
5.492346
5.296923
5.296923
5.476445
5.445194
5.513351
5.269776
5.705436
5.705436
5.705436
5.705436
5.535364
5.437713
5.369548
5.425159
5.77533
5.865241
5.76277
5.76277
5.87407
5.832136
5.485744
5.412613
5.848291
5.848291
5.848291
5.848291
5.66672
5.570478
5.514826
5.482389
5.830859
5.922785
5.841831
5.841831
5.944469
5.899983
5.570133
5.533098
5.992107
5.992107
5.992107
5.992107
5.804887
5.716323
5.530212
5.495935
5.736055
5.832459
5.846041
5.846041
5.965175
5.878541
5.941776
5.887037
5.851519
5.851519
5.851519
5.851519
5.671907
5.579574
5.524071
5.498682
5.545171
5.641816
5.585791
5.585791
5.773884
5.721043
5.861159
5.802165
5.767194
5.831616
5.831616
5.831616
5.65143
5.558065
5.35285
5.338346
5.363854
5.449563
5.324528
5.324528
5.539805
5.493451
5.662556
5.609557
5.579634
5.696226
5.961545
5.961545
5.764628
5.669891
5.493636
5.536447
5.747272
5.854825
5.981254
5.981254
6.104305
6.037971
6.020049
5.952142
5.913989
6.019437
5.918236
5.918236
5.721947
5.620594
5.440074
5.508576
5.721029
5.948359
6.087879
6.087879
6.195087
6.126764
6.126764
6.058095
6.01538
6.105621
6.084016
6.084016
5.876544
5.636193
5.454531
5.523477
5.738447
5.967364
6.108551
6.108551
6.213311
6.14607
6.14607
6.076472
6.032838
6.120923
6.014352
6.014352
5.812427
5.812427
5.654307
5.723822
5.935586
6.140609
6.26199
6.26199
6.250176
6.181922
6.488914
6.413175
6.356943
6.421413
6.331952
6.331952
6.103553
6.103553
5.946188
6.026537
6.20863
6.414592
6.570528
6.570528
6.55492
6.476347
6.379534
6.299645
6.240358
6.267776
6.298913
6.298913
5.981733
5.981733
5.819799
5.624468
5.788671
6.014584
5.978061
5.978061
6.248376
6.136692
6.105564
5.986443
6.003768
6.02992
6.133793
6.133793
5.780376
5.780376
5.636718
5.414189
5.627217
5.865343
5.899689
5.899689
5.899689
5.836546
5.777149
5.688074
5.909492
5.939315
5.992649
5.992649
5.610205
5.610205
5.480745
5.286202
5.476732
5.705218
5.638995
5.638995
5.638995
5.73545
5.592772
5.415935
5.415935
5.474719
5.585734
5.585734
5.244353
5.244353
5.104654
4.959086
5.104594
5.309522
5.196476
5.196476
5.196476
5.19681
4.859343
4.815889
4.815889
4.89919
5.166738
5.141937
5.141937
5.141937
4.97208
4.860603
4.80026
4.914631
4.753699
4.753699
4.753699
4.755707
4.197141
4.206132
4.206132
4.379931
4.756674
4.743252
4.748055
4.748055
4.582142
4.523628
4.41506
4.526759
4.422694
4.422694
4.422694
4.426335
3.924245
3.924245
3.924245
4.026881
4.407668
4.373682
4.361455
4.361455
4.224121
4.24617
4.015083
4.063984
4.182586
4.182586
4.182586
4.187473
3.707964
3.65606
3.65606
3.700483
4.016313
3.95749
3.997784
4.53993
4.565209
4.646254
4.646254
4.606681
4.324157
4.324157
4.324157
4.306353
4.180091
4.156054
4.156054
4.079178
4.38118
4.394921
4.410951
4.444814
4.501612
4.586402
4.586402
4.549034
4.245569
4.245569
4.245569
4.245569
4.114081
4.088057
4.088057
3.847363
4.27759
4.292468
4.309362
4.347843
4.411757
4.499989
4.499989
4.780688
4.448902
4.448902
4.448902
4.448902
4.279883
4.251289
4.251289
4.2186
4.294127
4.306577
4.322658
4.381062
4.428799
4.514161
4.514161
4.567042
4.26222
4.26222
4.26222
4.26222
4.111726
4.086761
4.086761
4.058261
4.319763
4.332236
4.347691
4.405316
4.289474
4.368226
4.368226
4.324839
3.985072
3.985072
3.957216
3.957216
3.849047
3.821181
3.821181
3.788495
4.010773
4.396835
4.412347
4.502968
4.376796
4.457144
4.457144
4.394714
4.025269
4.035911
4.006923
4.006923
3.893179
3.863868
3.863868
3.829433
4.120479
4.617563
4.630265
4.852603
4.69588
4.778358
4.778358
4.645429
4.182129
3.724665
3.678264
3.678264
3.524821
3.495169
3.495169
3.460652
3.732362
4.155462
4.280042
4.403567
4.259779
4.349467
4.349467
4.258123
3.919194
3.54503
3.504571
3.504571
3.628304
3.599249
3.599249
3.56522
3.842775
4.268587
4.297876
4.419842
4.278643
4.278643
4.572475
4.497484
4.140014
3.708455
3.660104
3.660104
3.806657
3.772866
3.772866
3.733791
3.890148
4.303294
4.372671
4.452818
4.342856
4.342856
4.497228
4.413663
4.040026
3.636406
3.589874
3.589874
3.729711
3.698299
3.698299
3.661232
3.80902
4.05455
4.156146
4.212789
4.11897
4.11897
4.267858
4.169098
4.169098
3.784085
3.745298
3.745298
3.703217
3.672413
3.672413
3.511576
3.667852
3.909958
4.033095
4.092706
4.004322
4.004322
4.582112
4.466343
4.466343
4.019573
3.980348
3.980348
4.01282
3.977053
3.977053
3.835669
4.011283
4.268895
4.345872
4.475035
4.34767
4.34767
4.583381
4.468901
4.468901
3.944455
3.900409
3.80832
3.85213
3.809907
3.809907
3.641462
4.059008
4.354279
4.358188
4.485554
4.358826
4.358826
4.59304
4.4809
4.4809
3.958382
3.914098
3.8244
3.867343
3.825021
3.825021
3.656686
4.034846
4.328637
4.374957
4.398797
4.241892
4.241892
4.505881
4.416142
4.549452
4.036608
3.996941
3.916688
3.955252
3.955252
3.955252
3.793152
4.141796
4.435214
4.467751
4.320557
3.978677
3.978677
4.294566
4.429395
4.343214
3.971941
3.92975
3.848129
4.42015
4.42015
4.42015
4.283526
4.525337
4.833069
4.437868
4.601793
4.457614
4.457614
4.77812
4.907306
4.839556
4.443433
4.425215
4.397627
4.701949
4.715391
4.715391
4.637733
4.692683
4.986582
4.671551
4.849772
4.717121
4.717121
4.957224
4.663451
4.603547
4.2591
4.235097
4.194801
4.486561
4.746766
4.746766
4.657763
4.714967
5.039021
4.665332
4.853306
4.714943
4.714943
4.993583
4.993583
4.914604
4.504658
4.48529
4.459386
4.7797
5.123907
5.123907
5.075935
4.595113
4.925659
4.499635
4.850208
4.881878
4.800603
5.052245
5.338369
5.278215
4.930773
4.930773
4.901348
5.162426
5.393002
5.393002
5.323838
5.021477
4.87869
4.534713
4.722671
4.730736
4.645235
4.954942
5.32129
5.260382
4.8736
4.8736
4.770284
5.034611
5.247304
5.247304
4.782183
5.061977
4.914162
4.55134
4.756392
4.766967
4.675034
4.995045
5.367465
5.303293
5.279482
5.279482
5.238536
5.402014
5.632555
5.632555
5.312727
5.252218
5.022186
4.885971
5.198201
5.213375
5.150573
4.955139
5.337673
5.269803
5.320389
5.320389
5.27582
5.433912
5.660935
5.660935
5.35371
5.30641
5.089456
5.089456
5.321173
5.332301
5.288637
4.610172
4.971247
4.904635
4.812777
4.812777
4.7807
4.958128
5.163437
5.163437
4.700007
4.796383
4.588964
4.588964
4.685802
4.692335
4.607927
4.33665
4.766539
4.680982
4.550863
4.550863
4.528988
4.739891
4.948996
5.074891
4.610529
4.715876
4.806086
4.806086
4.862599
4.868445
4.813054
4.504249
4.920613
4.852016
4.74441
4.74441
4.712507
4.921532
5.137496
5.238084
4.953097
4.95564
5.295422
5.295422
5.405542
5.409152
5.384028
4.535366
4.963164
4.888897
4.7783
4.7783
4.749391
4.96442
5.191638
5.292317
5.001434
4.987224
5.03913
5.03913
5.158628
5.164206
5.126537
4.728893
5.12459
5.068548
5.026215
5.026215
4.761121
4.873254
5.102195
5.193726
4.97833
4.936199
4.992461
4.992461
5.114476
5.069273
5.026764
4.971564
5.337349
5.332023
5.300738
5.300738
5.056106
5.186107
5.425442
5.482478
5.2897
5.29572
5.3427
5.3427
5.454483
5.421366
5.643493
5.519916
5.653539
5.826176
5.800909
5.800909
5.54913
5.671784
5.945175
5.979887
5.812084
5.807819
5.849575
5.849575
5.99117
5.969554
5.770024
5.71188
5.853946
5.894095
5.898914
5.898914
5.686607
5.541148
5.808558
5.850548
5.673996
5.666953
5.711684
5.711684
5.868958
5.842845
5.634188
5.378628
5.512384
5.553416
5.54303
5.54303
5.221384
5.660847
5.913568
5.950014
6.016752
6.133196
6.170516
6.170516
6.333462
6.322602
6.117942
5.775309
5.905269
5.960895
5.988791
5.988791
5.673262
6.095255
5.988233
6.019011
6.113242
6.160106
6.197145
6.197145
6.364744
6.356853
6.14928
5.798653
5.924981
5.982097
6.011688
6.073266
5.729828
6.191348
6.191348
6.202513
6.379523
6.832835
6.848846
6.848846
6.848846
6.88419
6.760809
6.335829
5.95184
6.010354
6.038208
5.974762
5.719587
6.050698
6.050698
6.070818
6.18125
6.578747
6.594919
6.594919
6.247799
6.278694
6.136639
5.725902
5.617038
5.674297
5.713677
5.66704
5.437163
5.902516
6.069112
6.088802
6.337186
6.356355
6.484494
6.484494
6.127633
6.161133
6.014705
5.6325
5.536088
5.585567
5.60559
5.566621
5.338036
5.791296
5.960024
5.985123
6.225167
6.282398
6.739969
6.739969
6.340919
6.392956
6.225838
6.278177
6.195759
6.260491
6.300124
6.052924
5.851729
6.264323
6.429806
6.457769
6.693619
6.749331
7.176675
7.176675
6.828291
6.863743
6.722927
6.782536
6.725034
6.77504
6.807436
6.451577
6.352269
6.57043
6.719641
6.66896
6.887822
6.940535
7.334613
7.334613
7.014371
7.111186
6.994426
6.901054
6.901054
6.950969
7.049705
6.716007
6.67799
6.794325
6.89126
6.885867
7.079065
7.129148
7.475469
7.475469
7.631994
7.73172
7.624457
7.52589
7.52589
7.568386
7.664722
7.280313
7.260287
7.341533
7.43172
7.426037
7.630765
7.685685
7.795228
7.795228
7.693477
7.790049
7.684845
7.591754
7.591754
7.562099
7.656876
7.273466
7.251341
7.334926
7.42529
7.420237
7.624617
7.679032
8.058697
8.32648
8.28331
8.349221
8.278369
8.218658
8.218658
8.176237
8.240216
7.838174
7.838174
7.617353
7.233197
7.219876
7.589515
7.663092
8.149544
8.402313
8.582394
8.600785
8.587826
8.651912
8.651912
8.591989
8.634801
8.253166
8.253166
8.077583
7.810214
7.79966
8.078172
8.226226
8.652951
8.8976
9.042291
9.059893
8.549705
8.612353
8.612353
8.550098
8.592777
8.216855
8.216855
8.052454
7.798626
7.78766
8.060459
7.851949
8.258101
8.423531
8.604891
8.55538
8.55538
8.591375
8.591375
8.530928
8.566509
8.181148
8.181148
8.071648
8.012478
8.00581
8.418829
8.301897
8.640894
8.346514
8.61037
8.566928
8.566928
8.566928
8.566928
8.501914
8.501914
8.072338
8.072338
8.072338
8.013879
8.006942
8.244858
7.991064
8.350835
8.028617
8.256029
8.788764
8.788764
8.788764
8.788764
8.714751
8.714751
8.244523
8.244523
8.244523
8.186421
8.178228
8.514492
8.371002
8.75797
8.256036
8.553726
8.901671
8.901671
9.343314
9.343314
9.261849
9.261849
8.554432
8.554432
8.554432
8.450435
8.440825
8.88457
8.730439
9.163943
8.487935
8.918222
9.348488
9.348488
9.773395
9.773395
9.698752
9.698752
9.214445
9.214445
9.214445
9.047134
9.037591
9.141051
8.96394
9.390516
8.886626
9.237409
9.725958
9.725958
10.10978
10.10978
10.04989
10.04989
9.676792
9.676792
9.676792
9.660475
9.657234
9.1821
9.00662
9.346781
8.791333
9.189904
9.693838
9.693838
10.34978
10.34978
10.29927
10.29927
9.996931
9.996931
9.996931
9.986319
9.982413
9.486484
9.298846
9.298846
8.7145
9.121549
9.640279
9.640279
10.20058
10.20058
10.14579
10.14579
9.452815
9.452815
9.452815
9.436481
9.432283
9.016734
8.85194
8.85194
8.29944
8.651652
9.159654
9.159654
9.458312
9.458312
9.628828
9.628828
9.628828
9.628828
9.628828
9.608912
9.60533
9.179053
9.007165
9.007165
8.615479
8.902335
9.331353
9.446569
9.75174
9.75174
9.891826
9.891826
9.891826
9.891826
9.891826
9.891826
9.891826
9.46221
9.287213
9.287213
9.054551
8.632988
9.000608
8.816633
9.046287
9.046287
9.236016
